100_500_100_1_seed1234 weighted_MAPE 0.0 100000 10440.7 0.00249872 0.00251172 1.04155e-05 1.05232e-05 0.064663 0.0610023
100_500_100_1_seed320 weighted_MAPE 0.0 100000 7278.06 0.00345496 0.00346375 1.9011e-05 1.9115e-05 0.040145 0.04015
100_500_100_1_seed1234 weighted_MAPE 0.01 100000 6296.6 0.00263964 0.00264999 1.12483e-05 1.13117e-05 0.0651273 0.0619995
100_500_100_1_seed235 weighted_MAPE 0.01 100000 455.375 2.00098 2.00712 7921.14 8632.49 21858.6 25428.7
100_500_100_1_seed320 weighted_MAPE 0.01 100000 3997.49 0.00324978 0.00327064 2.21e-05 2.21455e-05 0.230967 0.199422
100_500_100_1_seed1234 weighted_MAPE -0.01 100000 224.288 2.67323 2.03333 11422.7 13188.4 27988.6 45328.7
100_500_100_1_seed235 weighted_MAPE -0.01 100000 6315.37 0.00207124 0.00208278 7.12196e-06 7.2e-06 0.0442899 0.0438949
100_500_100_1_seed320 weighted_MAPE -0.01 100000 10351.6 0.00270138 0.0027133 1.40583e-05 1.40706e-05 0.133095 0.135141
100_500_100_1_seed1234 weighted_MAPE -10.0 100000 8844.88 0.00828845 0.00850424 0.000115118 0.000121757 0.0687286 0.0718886
100_500_100_1_seed235 weighted_MAPE -10.0 100000 2648.49 0.00723481 0.00748404 8.55381e-05 9.15394e-05 0.0563042 0.0577692
100_500_100_1_seed320 weighted_MAPE -10.0 100000 12185.6 0.00985329 0.0101195 0.000173445 0.000184172 0.113323 0.102525
100_500_100_1_seed1234 weighted_MAPE -1.0 100000 5566.39 0.0159436 0.0161436 0.000499839 0.000512046 0.223764 0.19951
100_500_100_1_seed235 weighted_MAPE -1.0 100000 11584.1 0.00524754 0.00528111 4.50145e-05 4.56263e-05 0.0374901 0.0421809
100_500_100_1_seed320 weighted_MAPE -1.0 100000 8455.63 0.00272627 0.00274761 1.25148e-05 1.27529e-05 0.055038 0.0472259
100_500_100_1_seed1234 weighted_MAPE -15.0 100000 5791.72 0.00653599 0.00657576 6.96364e-05 7.04359e-05 0.0511569 0.0502913
100_500_100_1_seed235 weighted_MAPE -15.0 100000 6355.3 0.00623931 0.00627382 6.35219e-05 6.43153e-05 0.0488561 0.0560541
100_500_100_1_seed320 weighted_MAPE -15.0 100000 7397.19 0.00618845 0.00631047 6.22922e-05 6.48141e-05 0.0449017 0.0438599
100_500_100_1_seed1234 weighted_MAPE -2.0 100000 9110.25 0.00510227 0.00520709 4.74804e-05 4.99355e-05 0.049026 0.0476658
100_500_100_1_seed235 weighted_MAPE -2.0 100000 9869.29 0.0064805 0.00660646 7.20831e-05 7.50087e-05 0.0575967 0.0604276
100_500_100_1_seed320 weighted_MAPE -2.0 100000 10822.7 0.00694705 0.00702831 8.95665e-05 9.23264e-05 0.0803433 0.0833788
100_500_100_1_seed1234 weighted_MAPE -3.0 100000 460.676 2.00219 2.00121 7528.87 8560.08 21336 33244.8
100_500_100_1_seed235 weighted_MAPE -3.0 100000 8595.39 0.00700486 0.0072341 9.09428e-05 9.91523e-05 0.106716 0.0970436
100_500_100_1_seed320 weighted_MAPE -3.0 100000 6570.49 0.012056 0.0123957 0.000311585 0.00033339 0.193543 0.171326
100_500_100_1_seed1234 weighted_MAPE -4.0 100000 417.215 1.99793 1.99811 9440.59 9366.21 38792.8 27620
100_500_100_1_seed235 weighted_MAPE -4.0 100000 2154.35 0.010996 0.011565 0.000311551 0.000355568 0.313227 0.322929
100_500_100_1_seed320 weighted_MAPE -4.0 100000 8103.85 0.0136274 0.0142841 0.000549865 0.000614823 0.342936 0.356442
100_500_100_1_seed1234 weighted_MAPE -4.5 100000 457.6 1.99728 1.99765 9064.08 7776.62 32811.4 19293.5
100_500_100_1_seed235 weighted_MAPE -4.5 100000 15326.5 0.00828314 0.008886 0.000305914 0.000386884 0.432629 0.461683
100_500_100_1_seed320 weighted_MAPE -4.5 100000 4945.34 0.0238112 0.0245146 0.00168497 0.00181275 0.619784 0.612882
100_500_100_1_seed1234 weighted_MAPE -5.0 100000 225.918 2.00894 2.03209 9926.73 6862.56 19468 19477.8
100_500_100_1_seed235 weighted_MAPE -5.0 100000 8927.05 0.0139352 0.0150317 0.00099318 0.00138262 0.77736 0.832934
100_500_100_1_seed1234 weighted_MAPE -5.5 100000 6786.77 0.0269317 0.0279166 0.0018638 0.0020839 0.626968 0.621667
100_500_100_1_seed235 weighted_MAPE -5.5 100000 613.928 1.99752 1.99788 8436.84 9061.5 16284.5 30103.6
100_500_100_1_seed320 weighted_MAPE -5.5 100000 8313.89 0.0125631 0.0134624 0.000618505 0.000785527 0.574365 0.547458
100_500_100_1_seed1234 weighted_MAPE -6.0 100000 12736.6 0.00619419 0.00671588 0.000126219 0.000162755 0.269397 0.25682
100_500_100_1_seed235 weighted_MAPE -6.0 100000 7670.82 0.0204556 0.020784 0.00108178 0.0011317 0.457014 0.464846
100_500_100_1_seed320 weighted_MAPE -6.0 100000 423.866 0.482845 0.483288 0.444668 0.444736 8.77395 8.6697
100_500_100_1_seed1234 weighted_MAPE -8.0 100000 613.531 0.482819 0.481999 0.439853 0.438175 10.0287 9.87241
100_500_100_1_seed235 weighted_MAPE -8.0 100000 421.633 1.99741 1.99769 7896.67 8546.62 15137.6 32941.2
100_500_100_1_seed320 weighted_MAPE -8.0 100000 8125.09 0.0117486 0.0120441 0.000248497 0.000265895 0.132539 0.137379
