100_500_100_100_1_seed1234 weighted_MAPE 0.5 100000 3189.21 0.00256624 0.00259981 1.0574e-05 1.08564e-05 0.0115429 0.0118267
100_500_100_100_1_seed1235 weighted_MAPE 0.5 100000 2557.14 0.00370205 0.00373564 2.22513e-05 2.27186e-05 0.0178516 0.0180396
100_500_100_100_1_seed2345 weighted_MAPE 0.5 100000 4232.13 0.00255191 0.00257024 1.02702e-05 1.04292e-05 0.0108418 0.0109729
100_500_500_100_1_seed1234 weighted_MAPE 0.5 100000 3829.78 0.00264733 0.00267055 1.12864e-05 1.14838e-05 0.0118711 0.0120391
100_500_500_100_1_seed2345 weighted_MAPE 0.5 100000 3041.76 0.00354245 0.00357533 1.98786e-05 2.02649e-05 0.0155619 0.0156652
100_500_500_500_1_seed1234 weighted_MAPE 0.5 100000 4399.86 0.00294392 0.00296522 1.37586e-05 1.39632e-05 0.0134471 0.01363
100_500_500_500_1_seed1235 weighted_MAPE 0.5 100000 4377.18 0.00254802 0.00256316 1.03957e-05 1.05213e-05 0.011653 0.0116899
100_500_500_500_1_seed2345 weighted_MAPE 0.5 100000 2828.49 0.00310402 0.0031338 1.53301e-05 1.56585e-05 0.013877 0.0142216
100_500_500_3000_1_seed1234 weighted_MAPE 0.5 100000 9212.55 0.00267912 0.00270178 1.13587e-05 1.15702e-05 0.0112087 0.0114066
500_500_500_100_1_seed1234 weighted_MAPE 0.5 100000 5497.3 0.00196301 0.00198008 6.24812e-06 6.35781e-06 0.00914705 0.00918701
500_500_500_100_1_seed1235 weighted_MAPE 0.5 100000 4729.43 0.00213483 0.00214982 7.19538e-06 7.2989e-06 0.00917887 0.00924714
500_500_500_100_1_seed2345 weighted_MAPE 0.5 100000 6247.37 0.00177279 0.00178149 4.97997e-06 5.04489e-06 0.0125741 0.011547
500_500_500_2000_1_seed1234 weighted_MAPE 0.5 100000 8200.48 0.00199494 0.00200171 6.39901e-06 6.4368e-06 0.0137591 0.0140208
500_500_500_2000_1_seed1235 weighted_MAPE 0.5 100000 9479.26 0.00194574 0.00195301 6.06076e-06 6.11308e-06 0.0134124 0.0132829
500_500_500_2000_1_seed2345 weighted_MAPE 0.5 100000 8212.43 0.0024635 0.00246441 9.54221e-06 9.54742e-06 0.0140753 0.0144413
1000_500_500_100_1_seed1234 weighted_MAPE 0.5 100000 5557.6 0.00205423 0.00206213 6.78806e-06 6.84103e-06 0.0148163 0.0144105
1000_500_500_100_1_seed1235 weighted_MAPE 0.5 100000 5896.25 0.00210689 0.00211701 7.23533e-06 7.31712e-06 0.0141418 0.0159096
500_1000_500_100_1_seed1234 weighted_MAPE 0.5 100000 5803.62 0.00202603 0.002039 6.48037e-06 6.56985e-06 0.0128142 0.0127144
500_1000_500_100_1_seed1235 weighted_MAPE 0.5 100000 5886.49 0.00222082 0.00223288 7.95061e-06 8.02648e-06 0.0143867 0.016238
1000_1000_500_100_1_seed1234 weighted_MAPE 0.5 100000 7109.48 0.00303471 0.00305107 1.46525e-05 1.48392e-05 0.0227119 0.0209538
1000_1000_500_100_1_seed1235 weighted_MAPE 0.5 100000 7465.08 0.00240853 0.0024189 9.32498e-06 9.40443e-06 0.0142141 0.0145206
1000_500_500_500_1_seed1234 weighted_MAPE 0.5 100000 6630.98 0.00221289 0.00222786 7.80414e-06 7.90725e-06 0.0128918 0.0130406
1000_500_500_500_1_seed1235 weighted_MAPE 0.5 100000 6766.52 0.00214554 0.00215751 7.31018e-06 7.38668e-06 0.0113768 0.0120729
100_300_300_300_1_seed1357 weighted_MAPE 0.5 100000 11779.7 0.00194561 0.00197258 6.05618e-06 6.24182e-06 0.0137743 0.0120673
300_300_300_300_1_seed1357 weighted_MAPE 0.5 100000 12709.5 0.00176075 0.0017675 4.84931e-06 4.87182e-06 0.0100394 0.0114465
500_300_300_300_1_seed1357 weighted_MAPE 0.5 100000 13400.9 0.00156602 0.00157876 3.99352e-06 4.06533e-06 0.0102205 0.010878
700_300_300_300_1_seed1357 weighted_MAPE 0.5 100000 14463.6 0.00167622 0.00168432 4.42087e-06 4.46534e-06 0.0106329 0.010122
300_100_300_300_1_seed1357 weighted_MAPE 0.5 100000 11550.4 0.00154012 0.00154383 3.76814e-06 3.78852e-06 0.0106831 0.0104711
300_500_300_300_1_seed1357 weighted_MAPE 0.5 100000 13027.8 0.00154343 0.00155354 3.78538e-06 3.84513e-06 0.010376 0.010595
300_700_300_300_1_seed1357 weighted_MAPE 0.5 100000 14229.8 0.00174291 0.00175417 4.84626e-06 4.90583e-06 0.0104648 0.0104183
300_300_100_300_1_seed1357 weighted_MAPE 0.5 100000 11661.1 0.00170954 0.00171649 4.61831e-06 4.65969e-06 0.00999232 0.0104278
300_300_500_300_1_seed1357 weighted_MAPE 0.5 100000 12827.9 0.00168553 0.00169973 4.50967e-06 4.58944e-06 0.0106737 0.0113612
300_300_700_300_1_seed1357 weighted_MAPE 0.5 100000 13927.1 0.00177002 0.00178232 4.95741e-06 5.03555e-06 0.0128288 0.0118059
f2_500_500_500_1000_1_seed1357 weighted_MAPE 0.5 100000 18300.7 2.8766 2.35256 11466.7 15571.3 57404.3 44758.9
