layers function psi phi train_time sigma_train sigma_test E_train E_test sigma_max_train sigma_max_test
1 f0 0 -0.4 130.947 0.370902 0.37277 0.265822 0.269832 4.36875 4.60248
1 f0 0 -0.8 129.149 0.369982 0.371916 0.264427 0.268531 4.34301 4.56515
1 f0 0 -1.2 136.121 0.368519 0.370522 0.262205 0.266414 4.34958 4.58295
1 f0 0 -1.6 135.663 0.366458 0.368699 0.259099 0.263398 4.2645 4.51512
1 f0 0 -2.4 126.942 0.360846 0.363489 0.250416 0.254954 4.24392 4.39989
1 f0 0 -2.8 128.3 0.357148 0.360152 0.244893 0.249626 4.14903 4.26603
1 f0 0 -2.0 128.896 0.363909 0.366364 0.255132 0.259627 4.26555 4.45392
1 f0 0 -3.2 137.156 0.353003 0.356364 0.238631 0.243622 4.03915 4.2109
1 f0 0 -3.6 128.741 0.348226 0.351792 0.231499 0.23666 3.96345 4.12625
1 f0 0 -4.4 128.403 0.337046 0.340944 0.215615 0.220976 3.74273 3.92469
1 f0 0 -4.8 129.648 0.330405 0.334267 0.206524 0.211825 3.59532 3.7659
1 f0 0 -4.0 125.933 0.34291 0.346623 0.223902 0.229047 3.87019 3.9769
1 f0 0 0.4 136.458 0.370907 0.372745 0.265891 0.269829 4.4327 4.58334
1 f0 0 0.8 135.157 0.370112 0.371951 0.264611 0.26848 4.35632 4.59652
1 f0 0 0.0 135.338 0.371187 0.372993 0.266329 0.270292 4.39451 4.65273
1 f0 0 1.2 125.28 0.368821 0.370626 0.262485 0.266328 4.29526 4.6016
1 f0 0 1.6 127.407 0.366851 0.368667 0.259397 0.263135 4.27198 4.53229
1 f0 0 10.0 128.22 0.213282 0.214394 0.0787266 0.0799189 2.0204 2.14116
1 f0 0 2.4 129.129 0.360967 0.36291 0.250253 0.254065 4.111 4.33525
1 f0 0 2.8 129.235 0.35691 0.358987 0.244019 0.247928 4.01038 4.30035
1 f0 0 2.0 128.102 0.364238 0.366067 0.255364 0.259069 4.18474 4.40344
1 f0 0 3.0 150.028 0.354592 0.35675 0.240483 0.24445 3.98205 4.23469
1 f0 0 4.0 143.367 0.340012 0.342273 0.218954 0.222726 3.71197 3.97907
1 f0 0 5.0 127.511 0.320584 0.322763 0.192177 0.195538 3.43167 3.63536
1 f1 -1.0 0.4 136.111 0.372781 0.375109 0.267606 0.271955 4.33466 4.57082
1 f1 -1.0 0.8 127.419 0.376598 0.378965 0.272569 0.276304 4.45522 4.54398
1 f1 -1.0 0.0 136.319 0.369323 0.37126 0.263448 0.267562 4.35395 4.59175
1 f1 -1.0 1.2 133.94 0.376458 0.378558 0.272583 0.275034 4.4243 4.55761
1 f1 -1.0 1.6 134.077 0.371551 0.3735 0.26655 0.267656 4.51473 4.53318
1 f1 -1.0 2.4 136.877 0.362269 0.372442 0.250176 0.26022 3.79989 4.08196
1 f1 -1.0 2.8 133.404 0.354378 0.359745 0.236536 0.242516 4.39455 4.70653
1 f1 -1.0 2.0 135.638 0.364615 0.366854 0.256804 0.259093 4.37919 4.6943
1 f1 -1.0 3.0 128.637 0.346695 0.347505 0.228882 0.230115 4.63006 4.89808
1 f1 -2.0 0.4 130.8 0.367309 0.369927 0.258765 0.263401 4.25289 4.41364
1 f1 -2.0 0.8 131.058 0.370686 0.373033 0.262509 0.266307 4.20581 4.37393
1 f1 -2.0 0.0 135.133 0.363909 0.366364 0.255132 0.259627 4.26555 4.45392
1 f1 -2.0 1.2 126.884 0.369752 0.371506 0.260893 0.263119 4.21985 4.3633
1 f1 -2.0 1.6 137.512 0.36401 0.364411 0.253169 0.25326 4.21698 4.71297
1 f1 -2.0 2.4 127.238 0.334299 0.334696 0.202494 0.202614 4.87683 5.12131
1 f1 -2.0 2.8 131.568 0.333425 0.336907 0.204661 0.208034 5.01231 5.51094
1 f1 -2.0 2.0 133.011 0.352924 0.353005 0.238194 0.238092 4.55239 5.12336
1 f1 -2.0 3.0 130.183 0.335737 0.337505 0.21071 0.213082 5.0977 5.52123
1 f1 -3.0 0.4 137.233 0.358147 0.361092 0.244482 0.249323 4.12183 4.2695
1 f1 -3.0 0.8 137.958 0.360818 0.362964 0.246698 0.25016 3.95669 4.16752
1 f1 -3.0 0.0 130.508 0.355162 0.358188 0.241863 0.246602 4.0829 4.20098
1 f1 -3.0 1.2 134.522 0.359198 0.36008 0.244085 0.2452 3.9038 4.33993
1 f1 -3.0 1.6 146.717 0.351446 0.349839 0.233731 0.231299 4.09319 4.74667
1 f1 -3.0 2.4 134.473 0.321677 0.321136 0.184826 0.183962 5.71918 6.22286
1 f1 -3.0 2.8 129.494 0.314514 0.315028 0.178447 0.178476 5.61135 6.0703
1 f1 -3.0 2.0 129.209 0.329696 0.329053 0.204451 0.203879 4.74377 5.3198
1 f1 -3.0 3.0 133.292 0.319381 0.320439 0.187135 0.188736 5.60919 5.97553
1 f1 0.0 0.4 130.415 0.374562 0.376976 0.270569 0.274963 4.47368 4.70277
1 f1 0.0 0.8 126.5 0.378587 0.380877 0.27596 0.279796 4.55343 4.58213
1 f1 0.0 0.0 131.533 0.371187 0.372993 0.266329 0.270292 4.39451 4.65273
1 f1 0.0 1.2 136.564 0.378785 0.381091 0.276552 0.279526 4.49752 4.57247
1 f1 0.0 1.6 133.403 0.374699 0.377056 0.271895 0.273746 4.62564 4.47381
1 f1 0.0 2.4 147.511 0.3885 0.41005 0.301378 0.322821 4.62414 4.73218
1 f1 0.0 2.8 138.131 0.362594 0.365079 0.24981 0.252084 4.33684 4.54799
1 f1 0.0 2.0 128.184 0.370347 0.372498 0.266212 0.267972 4.48982 4.53139
1 f1 0.0 3.0 137.509 0.349294 0.350164 0.233918 0.235344 4.64902 4.71841
1 f1 1.0 0.4 137.659 0.372803 0.375132 0.267659 0.271923 4.32755 4.635
1 f1 1.0 0.8 128.806 0.376556 0.37899 0.27262 0.276474 4.51775 4.54649
1 f1 1.0 0.0 126.664 0.36955 0.371373 0.263656 0.267483 4.34897 4.62397
1 f1 1.0 1.2 136.378 0.376339 0.37914 0.272606 0.275991 4.40816 4.56054
1 f1 1.0 1.6 127.406 0.372398 0.374705 0.2675 0.269688 4.53585 4.49198
1 f1 1.0 2.4 137.2 0.366797 0.377308 0.254269 0.264008 3.89307 4.0381
1 f1 1.0 2.8 137.391 0.358384 0.357322 0.241136 0.239585 4.28967 4.58408
1 f1 1.0 2.0 153.172 0.366686 0.367525 0.25968 0.260355 4.38474 4.68458
1 f1 1.0 3.0 139.05 0.348324 0.347433 0.230287 0.229475 4.64892 4.94242
1 f1 2.0 0.4 128.097 0.367172 0.369637 0.258766 0.262898 4.27037 4.52187
1 f1 2.0 0.8 128.321 0.370252 0.372815 0.262278 0.266179 4.27481 4.41678
1 f1 2.0 0.0 139.84 0.364238 0.366067 0.255364 0.259069 4.18474 4.40344
1 f1 2.0 1.2 134.285 0.369118 0.372079 0.260515 0.263839 4.32152 4.39392
1 f1 2.0 1.6 134.964 0.363558 0.365834 0.252465 0.254807 4.34289 4.61595
1 f1 2.0 2.4 130.79 0.336167 0.336729 0.203372 0.20358 4.98182 5.3069
1 f1 2.0 2.8 130.06 0.336712 0.337084 0.207819 0.209185 5.04792 5.47911
1 f1 2.0 2.0 128.46 0.350727 0.351577 0.235034 0.23577 4.50258 4.94535
1 f1 2.0 3.0 139.136 0.340527 0.338591 0.21626 0.2148 5.10827 5.39822
1 f1 3.0 0.4 182.747 0.356581 0.359539 0.242502 0.247043 4.08345 4.2823
1 f1 3.0 0.8 182.78 0.358378 0.361554 0.243804 0.24811 3.9976 4.24755
1 f1 3.0 0.0 131.518 0.354592 0.35675 0.240483 0.24445 3.98205 4.23469
1 f1 3.0 1.2 189.977 0.355521 0.358911 0.239137 0.243163 3.95627 4.3452
1 f1 3.0 1.6 184.999 0.346166 0.348748 0.226346 0.22905 4.26042 4.73807
1 f1 3.0 2.4 182.279 0.32331 0.323284 0.186048 0.185409 5.75698 6.12938
1 f1 3.0 2.8 185.397 0.313743 0.313805 0.177602 0.177437 5.74311 6.06515
1 f1 3.0 2.0 183.188 0.327137 0.329138 0.201557 0.203309 4.92344 5.23785
1 f1 3.0 3.0 191.173 0.321393 0.319967 0.18963 0.188463 5.50187 5.88417
1 f2 -1.0 0.4 183.424 0.384746 0.388292 0.279809 0.284207 4.67404 4.74667
1 f2 -1.0 0.8 183.367 0.404523 0.407594 0.297252 0.299986 4.57553 5.05712
1 f2 -1.0 0.0 187.276 0.369323 0.37126 0.263448 0.267562 4.35395 4.59175
1 f2 -1.0 1.2 182.222 0.401194 0.403621 0.281473 0.284029 4.23654 4.42601
1 f2 -1.0 1.6 193.766 0.391985 0.392676 0.261119 0.26287 3.74063 4.2032
1 f2 -1.0 2.4 189.96 0.376312 0.377762 0.234784 0.238093 3.52269 3.5443
1 f2 -1.0 2.8 182.376 0.369619 0.372317 0.225103 0.229791 3.42462 3.36216
1 f2 -1.0 2.0 181.36 0.383641 0.383815 0.246045 0.24771 3.47975 3.66917
1 f2 -1.0 3.0 182.238 0.365852 0.370008 0.220248 0.226517 3.33205 3.3501
1 f2 -2.0 0.4 181.812 0.377818 0.38159 0.268689 0.273204 4.50088 4.4279
1 f2 -2.0 0.8 184.109 0.395003 0.398686 0.282432 0.285664 4.32549 4.71939
1 f2 -2.0 0.0 190.35 0.363909 0.366364 0.255132 0.259627 4.26555 4.45392
1 f2 -2.0 1.2 185.561 0.391217 0.394984 0.267188 0.271506 3.96777 4.28075
1 f2 -2.0 1.6 183.904 0.383788 0.385323 0.250106 0.252876 3.66962 3.98745
1 f2 -2.0 2.4 182.67 0.370997 0.373288 0.22805 0.232312 3.57655 3.50872
1 f2 -2.0 2.8 188.253 0.3656 0.369087 0.220413 0.226025 3.46251 3.32576
1 f2 -2.0 2.0 194.868 0.376958 0.378032 0.237588 0.23998 3.50531 3.57476
1 f2 -2.0 3.0 181.9 0.36268 0.367293 0.216485 0.223503 3.36829 3.2516
1 f2 -3.0 0.4 184.656 0.366476 0.369934 0.251342 0.255012 4.33464 4.07194
1 f2 -3.0 0.8 182.864 0.381744 0.386191 0.262081 0.26625 4.07738 4.31269
1 f2 -3.0 0.0 184.34 0.355162 0.358188 0.241863 0.246602 4.0829 4.20098
1 f2 -3.0 1.2 185.598 0.380467 0.384973 0.251455 0.256889 3.70599 4.24057
1 f2 -3.0 1.6 186.877 0.375916 0.378332 0.239584 0.243362 3.59804 3.97248
1 f2 -3.0 2.4 188.205 0.366026 0.368807 0.221973 0.226584 3.54891 3.45056
1 f2 -3.0 2.8 191.138 0.361787 0.365964 0.215818 0.222272 3.47798 3.29427
1 f2 -3.0 2.0 183.923 0.370841 0.371995 0.229904 0.231916 3.50274 3.51727
1 f2 -3.0 3.0 186.002 0.359476 0.364534 0.212846 0.220401 3.4427 3.20921
1 f2 0.0 0.4 186.427 0.387759 0.390823 0.285097 0.288394 4.71394 4.83626
1 f2 0.0 0.8 182.636 0.410548 0.412139 0.306013 0.30707 4.68737 5.19536
1 f2 0.0 0.0 183.204 0.371187 0.372993 0.266329 0.270292 4.39451 4.65273
1 f2 0.0 1.2 185.424 0.409593 0.410238 0.293078 0.293708 4.40528 4.75614
1 f2 0.0 1.6 182.404 0.399107 0.400281 0.270529 0.273241 3.74728 4.40565
1 f2 0.0 2.4 183.171 0.381638 0.381826 0.241478 0.243134 3.52867 3.59251
1 f2 0.0 2.8 181.671 0.373316 0.375548 0.229539 0.233693 3.38459 3.42669
1 f2 0.0 2.0 180.599 0.390023 0.389613 0.254168 0.255383 3.47059 3.72301
1 f2 0.0 3.0 182.471 0.369216 0.37267 0.224144 0.229616 3.32253 3.33134
1 f2 1.0 0.4 182.196 0.387081 0.389024 0.283678 0.285274 4.75666 4.82394
1 f2 1.0 0.8 199.026 0.41199 0.411034 0.30713 0.304882 4.74228 5.32781
1 f2 1.0 0.0 182.482 0.36955 0.371373 0.263656 0.267483 4.34897 4.62397
1 f2 1.0 1.2 183.936 0.415806 0.413072 0.300789 0.297265 4.57132 4.82767
1 f2 1.0 1.6 182.049 0.406749 0.40706 0.280532 0.282448 3.85668 4.65309
1 f2 1.0 2.4 185.054 0.386142 0.385938 0.24717 0.248073 3.47133 3.61897
1 f2 1.0 2.8 185.745 0.376389 0.378711 0.233232 0.237545 3.35297 3.4382
1 f2 1.0 2.0 182.629 0.396289 0.395914 0.262273 0.263736 3.48707 3.81992
1 f2 1.0 3.0 187.518 0.372192 0.375351 0.227647 0.232779 3.30893 3.38004
1 f2 2.0 0.4 183.898 0.381874 0.383162 0.274671 0.275416 4.65266 4.6277
1 f2 2.0 0.8 181.479 0.408537 0.407178 0.299842 0.297568 4.62257 5.19236
1 f2 2.0 0.0 182.159 0.364238 0.366067 0.255364 0.259069 4.18474 4.40344
1 f2 2.0 1.2 181.667 0.416304 0.413635 0.299668 0.296962 4.61409 4.7683
1 f2 2.0 1.6 183.11 0.413037 0.410117 0.288302 0.286062 4.04469 4.71639
1 f2 2.0 2.4 182.314 0.390294 0.390133 0.252192 0.253008 3.49143 3.66737
1 f2 2.0 2.8 181.535 0.379433 0.381911 0.23702 0.241299 3.35342 3.50515
1 f2 2.0 2.0 182.107 0.402241 0.402119 0.269854 0.271617 3.51358 3.96096
1 f2 2.0 3.0 196.133 0.37487 0.37808 0.230818 0.235972 3.26802 3.42324
1 f2 3.0 0.4 182.462 0.371899 0.373031 0.258562 0.258907 4.35387 4.42717
1 f2 3.0 0.8 192.514 0.400821 0.398607 0.286004 0.283208 4.54476 4.94523
1 f2 3.0 0.0 191.843 0.354592 0.35675 0.240483 0.24445 3.98205 4.23469
1 f2 3.0 1.2 181.376 0.413768 0.409789 0.294263 0.290257 4.63943 4.6509
1 f2 3.0 1.6 181.838 0.414186 0.410301 0.288422 0.285578 4.07406 4.64878
1 f2 3.0 2.4 183.751 0.393719 0.393678 0.256084 0.257046 3.53457 3.65559
1 f2 3.0 2.8 190.694 0.382459 0.38454 0.240507 0.244227 3.34535 3.50465
1 f2 3.0 2.0 182.825 0.406555 0.40565 0.274953 0.275689 3.65973 4.00566
1 f2 3.0 3.0 184.063 0.377639 0.380969 0.233982 0.239253 3.24408 3.47196
2 f0 0 -1.0 175.384 0.0578813 0.0585176 0.00528055 0.00535023 0.439504 0.476652
3 f0 0 -1.0 412.103 0.0334025 0.0351361 0.00218674 0.0023229 0.369546 0.383779
2 f0 0 -2.0 171.704 0.0688084 0.069685 0.00786871 0.00802203 0.44317 0.476371
2 f0 0 0.0 252.229 0.0523857 0.0529263 0.0044278 0.00446504 0.442824 0.476414
3 f0 0 0.0 427.869 0.0260431 0.0273517 0.00148258 0.00156789 0.380203 0.388681
2 f0 0 1.0 170.866 0.0576909 0.0581736 0.0052596 0.00529404 0.444997 0.47807
3 f0 0 1.0 419.431 0.0333743 0.0348561 0.00217134 0.00228917 0.37314 0.381134
2 f0 0 2.0 185.58 0.068351 0.069006 0.00767681 0.0077488 0.450988 0.484848
3 f0 0 2.0 408.164 0.0479863 0.0502457 0.00431 0.00457786 0.357382 0.36639
2 f0 0 -0.4 183.27 0.053441 0.0540656 0.00456898 0.00461669 0.440146 0.475822
3 f0 0 -0.4 427.379 0.0274921 0.0289358 0.00159273 0.00168979 0.380394 0.387831
2 f0 0 -0.8 179.451 0.0561381 0.0567607 0.00497542 0.00503612 0.441427 0.476138
3 f0 0 -0.8 414.654 0.0310765 0.0327072 0.00192878 0.00205074 0.37632 0.381588
2 f0 0 -1.2 169.411 0.059829 0.0604883 0.00565501 0.00573779 0.439842 0.475304
3 f0 0 -1.2 401.199 0.0360031 0.0378815 0.00250847 0.00266982 0.366876 0.381736
2 f0 0 -1.6 180.545 0.0641587 0.064867 0.00662218 0.00672877 0.441459 0.47642
3 f0 0 -1.6 413.514 0.0418146 0.0440061 0.00335744 0.00357897 0.358182 0.372195
2 f0 0 -2.4 177.396 0.0736635 0.0747847 0.00940245 0.00963146 0.438789 0.478398
3 f0 0 -2.4 407.246 0.0549883 0.0580479 0.00595077 0.00638709 0.373454 0.383761
2 f0 0 -2.8 181.955 0.0786007 0.0800844 0.0112221 0.0115598 0.470869 0.475477
3 f0 0 -2.8 416.429 0.0618863 0.0654883 0.00772032 0.00830803 0.456406 0.461405
2 f0 0 -2.0 172.449 0.0688084 0.069685 0.00786871 0.00802203 0.44317 0.476371
3 f0 0 -2.0 409.509 0.0482107 0.0508362 0.00449965 0.00481797 0.344747 0.366303
2 f0 0 -3.2 181.353 0.0835861 0.0854411 0.0133224 0.0137523 0.545484 0.529907
3 f0 0 -3.2 405.204 0.0687091 0.0729102 0.00979996 0.0105441 0.543874 0.520233
2 f0 0 -3.6 182.814 0.0885654 0.0907305 0.0155864 0.0160897 0.640982 0.61199
3 f0 0 -3.6 407.081 0.0752274 0.0798665 0.012075 0.012927 0.640998 0.6033
2 f0 0 -4.4 172.295 0.098161 0.1013 0.0201893 0.0212325 0.827593 0.786841
3 f0 0 -4.4 422.828 0.0865127 0.0921832 0.0167604 0.0181902 0.818377 0.774839
2 f0 0 -4.8 171.559 0.101866 0.105384 0.0220405 0.0233992 0.897594 0.84592
3 f0 0 -4.8 392.749 0.0906053 0.0966647 0.0186712 0.0204205 0.892076 0.844807
2 f0 0 -4.0 173.055 0.0935452 0.0960936 0.0179366 0.018583 0.726414 0.696403
3 f0 0 -4.0 399.898 0.0812584 0.0863115 0.0144621 0.0154884 0.731916 0.687213
2 f0 0 0.4 172.3 0.053358 0.0538434 0.00455453 0.00459187 0.442208 0.474994
3 f0 0 0.4 405.075 0.027428 0.0287745 0.00158597 0.0016753 0.37801 0.389987
2 f0 0 0.8 178.448 0.0559721 0.0564393 0.00495702 0.00499005 0.444872 0.475055
3 f0 0 0.8 413.107 0.0310224 0.0324547 0.00191795 0.00202346 0.376491 0.387521
2 f0 0 0.0 170.623 0.0523857 0.0529263 0.0044278 0.00446504 0.442824 0.476414
3 f0 0 0.0 424.445 0.0260431 0.0273517 0.00148258 0.00156789 0.380203 0.388681
2 f0 0 1.2 181.526 0.0596205 0.0600626 0.00562677 0.0056568 0.44524 0.47841
3 f0 0 1.2 400.401 0.0359906 0.0375806 0.00248843 0.00262192 0.369983 0.377482
2 f0 0 1.6 172.898 0.0638657 0.064359 0.00654972 0.00658789 0.444721 0.480827
3 f0 0 1.6 417.281 0.04178 0.043629 0.00329573 0.00347759 0.363162 0.371547
2 f0 0 10.0 174.906 0.0902649 0.0915183 0.0130186 0.0132817 0.408939 0.406403
3 f0 0 10.0 408.339 0.0736702 0.0770968 0.0092947 0.00990457 0.34626 0.345818
2 f0 0 2.4 174.713 0.0728418 0.0736687 0.00894875 0.00907956 0.450608 0.485431
3 f0 0 2.4 407.422 0.0542961 0.0570256 0.00549285 0.00588028 0.366165 0.371995
2 f0 0 2.8 172.106 0.0770787 0.0780835 0.0102857 0.0104723 0.451279 0.486095
3 f0 0 2.8 413.258 0.0604288 0.0635723 0.00677379 0.00728183 0.407697 0.409921
2 f0 0 2.0 179.379 0.068351 0.069006 0.00767681 0.0077488 0.450988 0.484848
3 f0 0 2.0 409.71 0.0479863 0.0502457 0.00431 0.00457786 0.357382 0.36639
2 f0 0 3.0 177.943 0.0790827 0.0801151 0.0109574 0.0111534 0.452714 0.487159
3 f0 0 3.0 405.107 0.0633479 0.0666475 0.00743257 0.00798654 0.42328 0.438498
2 f0 0 4.0 174.535 0.0874945 0.0888877 0.0137597 0.0140553 0.503274 0.543251
3 f0 0 4.0 402.845 0.0751845 0.0792781 0.010299 0.0111092 0.47608 0.539811
2 f0 0 5.0 176.076 0.0925414 0.0942136 0.0150914 0.015505 0.547635 0.550571
3 f0 0 5.0 410.112 0.0815115 0.0862004 0.0118542 0.0128722 0.54897 0.547037
2 f1 -1.0 0.4 171.549 0.0624321 0.0631963 0.00617708 0.00626215 0.444945 0.474699
3 f1 -1.0 0.4 398.729 0.0342858 0.0362201 0.0023017 0.00246376 0.362672 0.396535
2 f1 -1.0 0.8 182.247 0.0677211 0.0684424 0.00730111 0.00741501 0.474758 0.46722
3 f1 -1.0 0.8 407.322 0.0362871 0.0383691 0.00255842 0.00275169 0.37322 0.394657
2 f1 -1.0 0.0 170.657 0.0578813 0.0585176 0.00528055 0.00535023 0.439504 0.476652
3 f1 -1.0 0.0 414.498 0.0334025 0.0351361 0.00218674 0.0023229 0.369546 0.383779
2 f1 -1.0 1.2 177.243 0.073666 0.0746165 0.00880102 0.00899713 0.49379 0.482901
3 f1 -1.0 1.2 419.791 0.0411614 0.043256 0.0035394 0.00378283 0.497223 0.518802
2 f1 -1.0 1.6 179.267 0.086287 0.0878313 0.0136557 0.0140082 0.868074 0.868404
3 f1 -1.0 1.6 426.426 0.0650123 0.0684977 0.0113261 0.0121763 1.11062 1.23996
2 f1 -1.0 2.4 179.427 0.213201 0.221779 0.169962 0.177342 9.12195 9.36458
3 f1 -1.0 2.4 399.582 0.311113 0.371796 0.335906 0.434571 8.88585 9.49218
2 f1 -1.0 2.8 186.308 0.168944 0.170587 0.0776022 0.0786473 5.0895 5.19361
3 f1 -1.0 2.8 401.629 0.172637 0.185232 0.102546 0.113117 4.35409 4.37495
2 f1 -1.0 2.0 178.634 0.11797 0.119262 0.0349788 0.0355537 2.56991 2.56067
3 f1 -1.0 2.0 404.496 0.115742 0.12277 0.0404489 0.0439904 2.07333 2.28695
2 f1 -1.0 3.0 182.772 0.147531 0.147617 0.0475046 0.0477561 2.88665 2.87311
3 f1 -1.0 3.0 399.025 0.120114 0.127781 0.0449577 0.0488359 2.51132 2.82954
2 f1 -2.0 0.4 174.793 0.0733487 0.0746329 0.00896588 0.00921663 0.444027 0.474519
3 f1 -2.0 0.4 404.745 0.0495185 0.0525588 0.00478864 0.00519554 0.349678 0.37103
2 f1 -2.0 0.8 168.731 0.0793085 0.0806921 0.0105702 0.0108893 0.47137 0.467578
3 f1 -2.0 0.8 414.265 0.052401 0.0558337 0.00539823 0.00588688 0.380708 0.386824
2 f1 -2.0 0.0 175.083 0.0688084 0.069685 0.00786871 0.00802203 0.44317 0.476371
3 f1 -2.0 0.0 405.083 0.0482107 0.0508362 0.00449965 0.00481797 0.344747 0.366303
2 f1 -2.0 1.2 181.868 0.0864267 0.0877709 0.0128504 0.0132192 0.502414 0.495881
3 f1 -2.0 1.2 414.028 0.0586247 0.061981 0.00700461 0.00752363 0.503398 0.492624
2 f1 -2.0 1.6 173.708 0.100349 0.101759 0.018943 0.0193242 0.88778 0.872958
3 f1 -2.0 1.6 421.44 0.0798821 0.0839664 0.0150869 0.0161269 1.02542 1.10845
2 f1 -2.0 2.4 179.499 0.182782 0.188236 0.1132 0.11597 6.90123 7.17373
3 f1 -2.0 2.4 411.373 0.23403 0.262411 0.180519 0.214486 5.87544 5.50424
2 f1 -2.0 2.8 176.734 0.176886 0.179927 0.0753749 0.0773226 4.33166 4.45402
3 f1 -2.0 2.8 397.826 0.151811 0.16243 0.0698629 0.0774718 3.47726 3.62277
2 f1 -2.0 2.0 173.181 0.132705 0.132924 0.0410043 0.0408087 2.1821 2.1595
3 f1 -2.0 2.0 393.387 0.126173 0.132388 0.0437763 0.0464616 2.02251 2.1911
2 f1 -2.0 3.0 179.991 0.162412 0.164346 0.0532725 0.0545421 2.58892 2.62332
3 f1 -2.0 3.0 410.314 0.118421 0.126726 0.0380039 0.0419005 2.17724 2.48748
2 f1 -3.0 0.4 179.222 0.085801 0.0877746 0.0136097 0.0140899 0.569264 0.549534
3 f1 -3.0 0.4 409.047 0.066763 0.0710651 0.00927384 0.010032 0.557192 0.53374
2 f1 -3.0 0.8 175.353 0.0923957 0.094129 0.0159913 0.0163485 0.642631 0.635483
3 f1 -3.0 0.8 408.936 0.0704275 0.074593 0.0105656 0.0112427 0.629293 0.626669
2 f1 -3.0 0.0 174.947 0.0810937 0.0827682 0.0122403 0.0126329 0.510136 0.500937
3 f1 -3.0 0.0 396.619 0.0653193 0.0692059 0.00872306 0.00939522 0.493682 0.493812
2 f1 -3.0 1.2 173.122 0.10063 0.101609 0.019715 0.0196474 0.766549 0.757096
3 f1 -3.0 1.2 411.898 0.0778081 0.0812924 0.0134314 0.0137703 0.760926 0.755225
2 f1 -3.0 1.6 175.509 0.113416 0.112858 0.0266209 0.0251691 0.906885 0.876791
3 f1 -3.0 1.6 400.122 0.0943378 0.09647 0.0215363 0.0208044 0.972221 1.02875
2 f1 -3.0 2.4 177.07 0.172552 0.177004 0.0843033 0.0866446 4.95383 5.05693
3 f1 -3.0 2.4 401.601 0.175822 0.185135 0.0948331 0.103137 4.27724 3.80471
2 f1 -3.0 2.8 173.59 0.175317 0.175692 0.0658097 0.0668217 3.26627 3.29177
3 f1 -3.0 2.8 400.663 0.128832 0.136912 0.0450423 0.0494188 2.63905 2.62769
2 f1 -3.0 2.0 179.913 0.130229 0.131092 0.0354846 0.0357803 1.68705 1.68332
3 f1 -3.0 2.0 410.805 0.119549 0.125307 0.0353384 0.0376903 1.7213 1.95087
2 f1 -3.0 3.0 175.348 0.16582 0.168047 0.05202 0.0534786 2.19932 2.21799
3 f1 -3.0 3.0 415.188 0.108724 0.116695 0.0291383 0.032067 1.60851 1.80731
2 f1 0.0 0.4 175.284 0.0571035 0.0577122 0.00521792 0.00527874 0.444919 0.471345
3 f1 0.0 0.4 414.799 0.0265757 0.0281362 0.00153854 0.00164093 0.369453 0.401157
2 f1 0.0 0.8 173.885 0.0622487 0.0627042 0.00618914 0.00623868 0.464061 0.4612
3 f1 0.0 0.8 403.266 0.0279781 0.0295447 0.00168529 0.00179316 0.384805 0.408219
2 f1 0.0 0.0 180.337 0.0523857 0.0529263 0.0044278 0.00446504 0.442824 0.476414
3 f1 0.0 0.0 412.789 0.0260431 0.0273517 0.00148258 0.00156789 0.380203 0.388681
2 f1 0.0 1.2 174.055 0.0670753 0.0679377 0.0073751 0.00750813 0.488905 0.475672
3 f1 0.0 1.2 406.682 0.0320123 0.0335718 0.00252738 0.00267169 0.542365 0.577693
2 f1 0.0 1.6 170.235 0.0781312 0.0797029 0.0118788 0.0121978 0.850057 0.869647
3 f1 0.0 1.6 417.029 0.057066 0.059807 0.0104269 0.0111627 1.2521 1.34854
2 f1 0.0 2.4 180.136 0.227105 0.237049 0.202698 0.211956 9.3125 9.29859
3 f1 0.0 2.4 409.88 0.356101 0.44105 0.466579 0.621584 8.91347 9.69796
2 f1 0.0 2.8 179.895 0.153979 0.155772 0.0739117 0.0747742 5.39774 5.50425
3 f1 0.0 2.8 407.385 0.177938 0.191776 0.11634 0.128368 4.36031 4.37676
2 f1 0.0 2.0 183.337 0.107977 0.109542 0.0330505 0.0336816 2.7387 2.76271
3 f1 0.0 2.0 418.239 0.109843 0.115557 0.040173 0.043386 2.03493 2.32232
2 f1 0.0 3.0 174.387 0.135514 0.135574 0.0431165 0.0433708 2.92286 2.93448
3 f1 0.0 3.0 415.03 0.117639 0.123929 0.0475457 0.0514977 2.72998 2.76825
2 f1 1.0 0.4 175.22 0.0621009 0.0627216 0.00610542 0.00618989 0.448679 0.475012
3 f1 1.0 0.4 407.757 0.0341634 0.0359386 0.00227302 0.00242076 0.368515 0.397051
2 f1 1.0 0.8 177.247 0.0674083 0.0679985 0.00723239 0.00735156 0.471132 0.468107
3 f1 1.0 0.8 406.211 0.0361138 0.0382164 0.00251978 0.00270939 0.378386 0.397194
2 f1 1.0 0.0 180.223 0.0576909 0.0581736 0.0052596 0.00529404 0.444997 0.47807
3 f1 1.0 0.0 412.382 0.0333743 0.0348561 0.00217134 0.00228917 0.37314 0.381134
2 f1 1.0 1.2 175.748 0.0733147 0.0741778 0.00872585 0.00891511 0.494321 0.477717
3 f1 1.0 1.2 406.771 0.041113 0.0432755 0.00351897 0.00376231 0.536635 0.555837
2 f1 1.0 1.6 175.89 0.0864147 0.0877717 0.013727 0.0140808 0.867854 0.875861
3 f1 1.0 1.6 422.234 0.0657839 0.0689417 0.0114784 0.0122746 1.19438 1.26067
2 f1 1.0 2.4 190.413 0.214858 0.227599 0.173779 0.185118 8.93389 9.14161
3 f1 1.0 2.4 411.53 0.322156 0.395867 0.370127 0.483542 8.19931 8.34479
2 f1 1.0 2.8 178.051 0.170103 0.173213 0.0801683 0.0813062 5.1836 5.36251
3 f1 1.0 2.8 402.295 0.176224 0.189802 0.107947 0.11882 4.26707 4.34513
2 f1 1.0 2.0 175.961 0.118729 0.121175 0.0355097 0.036366 2.62961 2.63553
3 f1 1.0 2.0 403.795 0.117322 0.123045 0.0411021 0.0443061 2.0456 2.12923
2 f1 1.0 3.0 175.823 0.147708 0.149878 0.0482077 0.0490698 2.90045 2.93389
3 f1 1.0 3.0 391.683 0.121746 0.129354 0.0464459 0.0506778 2.65789 2.48931
2 f1 2.0 0.4 175.401 0.0727558 0.073678 0.00866333 0.00884057 0.454429 0.482666
3 f1 2.0 0.4 408.493 0.0491039 0.051696 0.00452858 0.00484434 0.356068 0.379344
2 f1 2.0 0.8 174.94 0.0785533 0.0794765 0.0101793 0.0103953 0.466869 0.475636
3 f1 2.0 0.8 416.792 0.0518423 0.0548419 0.00504087 0.00542377 0.385872 0.388763
2 f1 2.0 0.0 178.696 0.068351 0.069006 0.00767681 0.0077488 0.450988 0.484848
3 f1 2.0 0.0 408.92 0.0479863 0.0502457 0.00431 0.00457786 0.357382 0.36639
2 f1 2.0 1.2 177.9 0.085539 0.0866276 0.0122905 0.0125353 0.499729 0.505259
3 f1 2.0 1.2 400.969 0.057896 0.0611885 0.00640533 0.00689503 0.493797 0.518635
2 f1 2.0 1.6 169.001 0.0991909 0.100469 0.0177674 0.0181739 0.862727 0.871834
3 f1 2.0 1.6 418.027 0.0792382 0.0833398 0.0139625 0.0149918 1.10624 1.11456
2 f1 2.0 2.4 191.147 0.184587 0.191507 0.117389 0.120925 7.48516 7.59476
3 f1 2.0 2.4 407.842 0.246522 0.272352 0.195046 0.229231 5.74329 5.69767
2 f1 2.0 2.8 181.878 0.176893 0.182782 0.0765645 0.07987 4.43149 4.52402
3 f1 2.0 2.8 406.621 0.154983 0.166315 0.0743602 0.0821213 3.25212 3.3137
2 f1 2.0 2.0 173.277 0.128501 0.13118 0.0370473 0.0379762 2.1736 2.19654
3 f1 2.0 2.0 416.952 0.121634 0.1283 0.0390001 0.0420239 1.82244 1.97497
2 f1 2.0 3.0 173.14 0.165588 0.168475 0.0571714 0.0586639 2.77035 2.82589
3 f1 2.0 3.0 410.104 0.123936 0.1311 0.0427186 0.0465287 2.02109 2.26599
2 f1 3.0 0.4 172.468 0.0832807 0.0848135 0.0119706 0.0122955 0.506121 0.501079
3 f1 3.0 0.4 425.569 0.0642311 0.0680389 0.00767528 0.00830521 0.472633 0.476797
2 f1 3.0 0.8 183.34 0.089004 0.0906642 0.0136419 0.0140721 0.522568 0.526263
3 f1 3.0 0.8 399.468 0.0668103 0.0710073 0.0082583 0.00901326 0.484349 0.479447
2 f1 3.0 0.0 173.48 0.0790827 0.0801151 0.0109574 0.0111534 0.452714 0.487159
3 f1 3.0 0.0 393.061 0.0633479 0.0666475 0.00743257 0.00798654 0.42328 0.438498
2 f1 3.0 1.2 182.093 0.0952315 0.0969789 0.0157556 0.0163004 0.560113 0.588406
3 f1 3.0 1.2 400.976 0.0721252 0.0767603 0.00955829 0.0105061 0.508061 0.49625
2 f1 3.0 1.6 166.696 0.105632 0.107232 0.0200409 0.0206874 0.788073 0.825657
3 f1 3.0 1.6 398.812 0.0863706 0.0913317 0.0150275 0.0163749 1.01412 1.05074
2 f1 3.0 2.4 169.309 0.174579 0.179894 0.0881388 0.090859 5.26377 5.35049
3 f1 3.0 2.4 412.528 0.198395 0.213887 0.117764 0.13266 3.96764 4.24647
2 f1 3.0 2.8 186.762 0.17206 0.176906 0.0638833 0.0660776 3.32036 3.36567
3 f1 3.0 2.8 400.981 0.129012 0.137038 0.0454474 0.0495987 2.19692 2.56388
2 f1 3.0 2.0 169.125 0.126494 0.129586 0.032638 0.0338951 1.63299 1.6526
3 f1 3.0 2.0 407.186 0.117642 0.124463 0.0331699 0.035865 1.68074 1.74009
2 f1 3.0 3.0 190.936 0.166866 0.169906 0.0537862 0.0551015 2.27173 2.29393
3 f1 3.0 3.0 408.675 0.111845 0.117847 0.0313275 0.0335326 1.7588 1.84831
2 f2 -1.0 0.4 171.738 0.0880637 0.0895996 0.0125259 0.0128124 0.508608 0.510782
3 f2 -1.0 0.4 408.253 0.0441786 0.0461748 0.00374824 0.0039494 0.405995 0.391434
2 f2 -1.0 0.8 180.059 0.135786 0.136904 0.0304177 0.0310357 0.759379 0.749341
3 f2 -1.0 0.8 414.812 0.0639047 0.0669466 0.00780775 0.00853486 0.572891 0.586154
2 f2 -1.0 0.0 193.775 0.0578813 0.0585176 0.00528055 0.00535023 0.439504 0.476652
3 f2 -1.0 0.0 398.925 0.0334025 0.0351361 0.00218674 0.0023229 0.369546 0.383779
2 f2 -1.0 1.2 181.307 0.162303 0.162446 0.0435122 0.0437581 0.889878 0.917356
3 f2 -1.0 1.2 396.798 0.0756226 0.0793877 0.010861 0.0118615 0.66966 0.66487
2 f2 -1.0 1.6 181.56 0.174707 0.174094 0.0505658 0.0500347 0.990371 1.04481
3 f2 -1.0 1.6 414.364 0.0823322 0.0851109 0.0131605 0.0132492 0.70907 0.622366
2 f2 -1.0 2.4 183.008 0.184125 0.18599 0.056224 0.0570317 1.22518 1.29904
3 f2 -1.0 2.4 402.695 0.0895157 0.093981 0.0151972 0.0163731 0.751356 0.736538
2 f2 -1.0 2.8 178.98 0.186075 0.188603 0.0572151 0.0583189 1.19932 1.36177
3 f2 -1.0 2.8 408.317 0.090637 0.0957477 0.015432 0.0169673 0.80653 0.789248
2 f2 -1.0 2.0 183.973 0.180608 0.181133 0.0541536 0.0542842 1.17842 1.19446
3 f2 -1.0 2.0 389.874 0.0866283 0.0902089 0.0144294 0.0149616 0.73234 0.697517
2 f2 -1.0 3.0 177.956 0.185991 0.18964 0.0570157 0.0591217 1.1973 1.36748
3 f2 -1.0 3.0 421.329 0.0904128 0.0964169 0.0152782 0.0174468 0.827559 0.817519
2 f2 -2.0 0.4 170.269 0.0953762 0.0973402 0.0150963 0.0156558 0.583134 0.633886
3 f2 -2.0 0.4 416.116 0.0561968 0.0594543 0.00619993 0.00673304 0.502769 0.568418
2 f2 -2.0 0.8 176.085 0.137459 0.138324 0.0314398 0.0317629 0.76374 0.736686
3 f2 -2.0 0.8 396.812 0.0693193 0.0725158 0.00946652 0.0100249 0.733881 0.581843
2 f2 -2.0 0.0 172.076 0.0688084 0.069685 0.00786871 0.00802203 0.44317 0.476371
3 f2 -2.0 0.0 402.971 0.0482107 0.0508362 0.00449965 0.00481797 0.344747 0.366303
2 f2 -2.0 1.2 182.953 0.160859 0.16188 0.0427244 0.0433614 0.992277 0.931035
3 f2 -2.0 1.2 402.502 0.0766698 0.0810356 0.0113006 0.0123531 0.729532 0.656585
2 f2 -2.0 1.6 180.707 0.172746 0.172996 0.0491801 0.049331 1.06893 1.13038
3 f2 -2.0 1.6 406.584 0.0818665 0.0852209 0.0127492 0.0132999 0.713077 0.614924
2 f2 -2.0 2.4 175.732 0.18228 0.184867 0.0548699 0.0561932 1.17286 1.23452
3 f2 -2.0 2.4 401.535 0.0879811 0.0931125 0.0145011 0.0160552 0.697849 0.732107
2 f2 -2.0 2.8 195.198 0.18483 0.187827 0.0563109 0.0579007 1.17233 1.36073
3 f2 -2.0 2.8 407.534 0.0894739 0.0952141 0.0148982 0.0168372 0.776127 0.771787
2 f2 -2.0 2.0 175.49 0.178559 0.179568 0.0526935 0.0531986 1.08984 1.24332
3 f2 -2.0 2.0 405.048 0.0854276 0.0894868 0.0138761 0.0146537 0.714252 0.722611
2 f2 -2.0 3.0 168.948 0.185172 0.189178 0.0564825 0.0588983 1.19425 1.33653
3 f2 -2.0 3.0 409.79 0.0896351 0.0961718 0.014941 0.0173996 0.809091 0.824553
2 f2 -3.0 0.4 178.999 0.103331 0.105591 0.0183789 0.0190509 0.643033 0.751026
3 f2 -3.0 0.4 409.348 0.068845 0.0729354 0.00955125 0.0103087 0.620506 0.743914
2 f2 -3.0 0.8 180.414 0.138231 0.139823 0.0318734 0.0324216 0.805032 0.740763
3 f2 -3.0 0.8 398.38 0.0742455 0.0782897 0.0107704 0.0115546 0.700592 0.642334
2 f2 -3.0 0.0 180.685 0.0810937 0.0827682 0.0122403 0.0126329 0.510136 0.500937
3 f2 -3.0 0.0 404.785 0.0653193 0.0692059 0.00872306 0.00939522 0.493682 0.493812
2 f2 -3.0 1.2 178.882 0.159529 0.16146 0.0418567 0.0430995 1.03386 0.911082
3 f2 -3.0 1.2 407.895 0.0778427 0.0829517 0.0116059 0.0129425 0.722366 0.689803
2 f2 -3.0 1.6 175.975 0.171615 0.172928 0.0484957 0.049306 1.1552 1.19133
3 f2 -3.0 1.6 407.944 0.0820113 0.0860882 0.0127737 0.0137555 0.689935 0.722101
2 f2 -3.0 2.4 172.804 0.181203 0.183826 0.0539812 0.0554671 1.15128 1.23245
3 f2 -3.0 2.4 401.955 0.0869687 0.0923776 0.0140404 0.0156875 0.686394 0.703316
2 f2 -3.0 2.8 177.559 0.184003 0.187406 0.0555886 0.0576682 1.18784 1.27076
3 f2 -3.0 2.8 411.921 0.0885486 0.0949795 0.0144997 0.0167701 0.743233 0.776086
2 f2 -3.0 2.0 178.482 0.177741 0.178333 0.0520147 0.0521849 1.0925 1.24136
3 f2 -3.0 2.0 421.471 0.0849871 0.0886901 0.0136601 0.014284 0.723136 0.737463
2 f2 -3.0 3.0 181.58 0.184641 0.188968 0.0559805 0.0587384 1.16133 1.2769
3 f2 -3.0 3.0 400.514 0.0889356 0.0960053 0.0146456 0.0173897 0.767128 0.849758
2 f2 0.0 0.4 171.761 0.0847169 0.0861344 0.0115735 0.0117019 0.452824 0.467266
3 f2 0.0 0.4 413.191 0.0379974 0.0394895 0.00282212 0.00291336 0.389445 0.375482
2 f2 0.0 0.8 178.532 0.134732 0.13566 0.0300463 0.0303442 0.805799 0.751169
3 f2 0.0 0.8 400.433 0.0606929 0.0626153 0.00718512 0.00740986 0.701541 0.563543
2 f2 0.0 0.0 178.364 0.0523857 0.0529263 0.0044278 0.00446504 0.442824 0.476414
3 f2 0.0 0.0 413.772 0.0260431 0.0273517 0.00148258 0.00156789 0.380203 0.388681
2 f2 0.0 1.2 171 0.164035 0.163592 0.0443512 0.0445857 0.883054 0.940779
3 f2 0.0 1.2 415.124 0.0751351 0.078313 0.0107183 0.0116066 0.638492 0.713612
2 f2 0.0 1.6 170.865 0.176361 0.177028 0.0514316 0.0519968 1.03061 1.03667
3 f2 0.0 1.6 400.553 0.0826492 0.0861251 0.0130903 0.0137434 0.776989 0.664391
2 f2 0.0 2.4 176.618 0.186398 0.1872 0.0579367 0.0578087 1.28493 1.36676
3 f2 0.0 2.4 415.536 0.0912784 0.0945397 0.0160409 0.0165284 0.801477 0.755591
2 f2 0.0 2.8 175.92 0.187338 0.189682 0.0581746 0.0591865 1.25087 1.39465
3 f2 0.0 2.8 408.868 0.0916705 0.0964588 0.0158818 0.0172956 0.859393 0.762453
2 f2 0.0 2.0 171.744 0.18283 0.183393 0.0555925 0.0556696 1.2193 1.23151
3 f2 0.0 2.0 427.346 0.0879208 0.0911832 0.0148615 0.0153104 0.742901 0.752453
2 f2 0.0 3.0 174.443 0.18718 0.190392 0.0578252 0.0595408 1.19077 1.33857
3 f2 0.0 3.0 407.586 0.0914711 0.0968722 0.0157586 0.0176024 0.86177 0.814305
2 f2 1.0 0.4 171.471 0.0874467 0.0878887 0.0123569 0.012252 0.615331 0.469949
3 f2 1.0 0.4 406.154 0.0423222 0.0435491 0.0034757 0.00349703 0.513864 0.365046
2 f2 1.0 0.8 171.789 0.134428 0.134852 0.0299353 0.0298625 0.789093 0.797049
3 f2 1.0 0.8 410.187 0.0607959 0.0620689 0.00720844 0.0071664 0.600641 0.536227
2 f2 1.0 0.0 173.277 0.0576909 0.0581736 0.0052596 0.00529404 0.444997 0.47807
3 f2 1.0 0.0 406.652 0.0333743 0.0348561 0.00217134 0.00228917 0.37314 0.381134
2 f2 1.0 1.2 176.121 0.165832 0.164175 0.0459495 0.044842 0.970775 0.927682
3 f2 1.0 1.2 407.232 0.0759707 0.0776365 0.0115864 0.0112064 0.788858 0.721488
2 f2 1.0 1.6 177.805 0.179185 0.180378 0.0531367 0.0542078 1.10969 1.09247
3 f2 1.0 1.6 397.344 0.0839475 0.0879931 0.0134079 0.0144464 0.804432 0.709841
2 f2 1.0 2.4 170.623 0.188395 0.188882 0.0592022 0.0588375 1.33595 1.45206
3 f2 1.0 2.4 408.407 0.0925602 0.0955766 0.0164779 0.0169301 0.826244 0.782514
2 f2 1.0 2.8 169.23 0.18843 0.190908 0.0588273 0.0601027 1.20459 1.35715
3 f2 1.0 2.8 420.653 0.0925531 0.0974837 0.0162706 0.0178298 0.869703 0.782165
2 f2 1.0 2.0 187.757 0.18549 0.186526 0.0572122 0.0575149 1.25858 1.26936
3 f2 1.0 2.0 401.914 0.0893478 0.0928829 0.0152817 0.0159564 0.739288 0.778621
2 f2 1.0 3.0 166.006 0.188396 0.191432 0.0586672 0.0604006 1.1799 1.34074
3 f2 1.0 3.0 416.402 0.092499 0.0978858 0.0162643 0.0181 0.884472 0.815764
2 f2 2.0 0.4 174.232 0.0943964 0.094375 0.0146247 0.0144698 0.667535 0.529606
3 f2 2.0 0.4 403.798 0.0538768 0.0555177 0.00567111 0.00574069 0.610889 0.425053
2 f2 2.0 0.8 173.817 0.135746 0.136578 0.0304608 0.0307171 0.796928 0.788898
3 f2 2.0 0.8 421.819 0.0647652 0.0668508 0.00804533 0.0083309 0.513214 0.598855
2 f2 2.0 0.0 172.836 0.068351 0.069006 0.00767681 0.0077488 0.450988 0.484848
3 f2 2.0 0.0 417.344 0.0479863 0.0502457 0.00431 0.00457786 0.357382 0.36639
2 f2 2.0 1.2 169.887 0.165414 0.165973 0.0452424 0.0457926 0.988704 0.945123
3 f2 2.0 1.2 404.36 0.0753682 0.0788383 0.0106832 0.0114756 0.594992 0.673964
2 f2 2.0 1.6 175.131 0.182332 0.181915 0.0552894 0.0551292 1.19275 1.08226
3 f2 2.0 1.6 411.19 0.0858208 0.0889336 0.0143216 0.0146973 0.804582 0.663562
2 f2 2.0 2.4 178.065 0.190212 0.190837 0.0602933 0.0598955 1.26346 1.44036
3 f2 2.0 2.4 407.455 0.0935547 0.0965419 0.0167673 0.0172319 0.896995 0.790349
2 f2 2.0 2.8 194.913 0.189685 0.192601 0.0597443 0.0613623 1.18352 1.39576
3 f2 2.0 2.8 407.147 0.0935748 0.0988879 0.0167441 0.0185513 0.870493 0.82162
2 f2 2.0 2.0 177.251 0.188265 0.189928 0.0589474 0.0597512 1.24231 1.30089
3 f2 2.0 2.0 412.543 0.0909681 0.0952159 0.0157474 0.0168879 0.750773 0.813087
2 f2 2.0 3.0 181.842 0.189363 0.192651 0.0593949 0.0613912 1.20595 1.34689
3 f2 2.0 3.0 407.855 0.0933474 0.0990594 0.0166744 0.0186274 0.875884 0.852829
2 f2 3.0 0.4 169.62 0.102444 0.102524 0.0177124 0.0176037 0.656549 0.709938
3 f2 3.0 0.4 402.725 0.0671518 0.0695984 0.00878454 0.00912244 0.629007 0.657521
2 f2 3.0 0.8 176.598 0.138752 0.139323 0.0320489 0.0319981 0.875464 0.78185
3 f2 3.0 0.8 400.327 0.0719944 0.073762 0.0100741 0.0102413 0.678635 0.576797
2 f2 3.0 0.0 175.902 0.0790827 0.0801151 0.0109574 0.0111534 0.452714 0.487159
3 f2 3.0 0.0 396.61 0.0633479 0.0666475 0.00743257 0.00798654 0.42328 0.438498
2 f2 3.0 1.2 172.875 0.166839 0.167139 0.0459887 0.0462117 1.07327 1.00186
3 f2 3.0 1.2 419.68 0.0777435 0.0808785 0.0113722 0.0120784 0.651219 0.661713
2 f2 3.0 1.6 180.482 0.182537 0.182489 0.0548532 0.0550522 1.25415 1.09816
3 f2 3.0 1.6 401.526 0.0852971 0.0890596 0.013617 0.0143424 0.690496 0.622464
2 f2 3.0 2.4 169.354 0.191403 0.192433 0.0609554 0.060842 1.25111 1.42836
3 f2 3.0 2.4 411.715 0.0942004 0.0978433 0.0168607 0.0177733 0.889505 0.848332
2 f2 3.0 2.8 178.323 0.191185 0.193792 0.0607978 0.0620535 1.22291 1.38215
3 f2 3.0 2.8 414.119 0.0948336 0.0998434 0.0174405 0.0188481 0.860903 0.85276
2 f2 3.0 2.0 175.159 0.190374 0.191573 0.0602764 0.0607647 1.29071 1.25805
3 f2 3.0 2.0 409.724 0.0922403 0.0968285 0.0161864 0.0174975 0.931101 0.991663
2 f2 3.0 3.0 181.853 0.190729 0.194307 0.0604649 0.0627337 1.22987 1.33812
3 f2 3.0 3.0 401.604 0.094566 0.100498 0.0173938 0.0193656 0.86742 0.864624
