layers function psi phi train_time sigma_train sigma_test E_train E_test sigma_max_train sigma_max_test
300_300_300_1 f1 0.0 0.4 0.00101066 0.00102326 0.00101926 1.80431e-06 1.77118e-06 0.0158336 0.0158469
300_300_300_1 f1 0.0 0.0 0.000761271 0.000867169 0.000882923 1.26822e-06 1.32001e-06 0.0148024 0.0169759
300_300_300_1 f1 0.0 0.8 0.000935316 0.0010849 0.00107757 2.0957e-06 2.02556e-06 0.0157837 0.0150723
300_300_300_1 f1 0.0 1.2 0.000963211 0.00089794 0.000897819 1.45127e-06 1.40467e-06 0.0184136 0.0150987
300_300_300_1 f1 0.0 1.6 0.000725031 0.000820456 0.000836393 1.15546e-06 1.19071e-06 0.0137863 0.0171711
300_300_300_1 f1 0.0 2.4 0.000951052 0.00150875 0.00142766 4.50251e-06 4.05011e-06 0.0268625 0.0280836
300_300_300_1 f1 0.0 2.0 0.000753403 0.00076075 0.000765769 9.72187e-07 9.72258e-07 0.0149329 0.0181674
300_300_300_1 f1 0.0 2.8 0.000930071 0.000983532 0.000969539 1.68382e-06 1.68194e-06 0.0147259 0.0203636
300_300_300_1 f1 0.0 3.0 0.00191903 0.000784428 0.000783518 1.0397e-06 1.04605e-06 0.0133706 0.0185547
300_300_300_1 f1 -1.0 0.4 0.000748634 0.00113073 0.00110753 2.25786e-06 2.16845e-06 0.0151528 0.0123522
300_300_300_1 f1 1.0 0.4 0.00094676 0.00111553 0.0010717 2.17701e-06 2.01211e-06 0.0117968 0.0123898
300_300_300_1 f1 -1.0 0.0 0.000756979 0.00100646 0.000973289 1.71746e-06 1.67687e-06 0.0108303 0.0134506
300_300_300_1 f1 1.0 0.0 0.00077033 0.000939723 0.00093045 1.49702e-06 1.54121e-06 0.010551 0.0164678
300_300_300_1 f1 -1.0 0.8 0.000943422 0.00122114 0.00120948 2.70031e-06 2.58753e-06 0.0161007 0.00972802
300_300_300_1 f1 1.0 0.8 0.000948906 0.00122273 0.00118444 2.69817e-06 2.53699e-06 0.0101276 0.0101741
300_300_300_1 f1 -1.0 1.2 0.000736237 0.00130381 0.00130498 3.08089e-06 3.07579e-06 0.0128031 0.0165082
300_300_300_1 f1 1.0 1.2 0.000946999 0.0013274 0.00130533 3.24744e-06 3.08632e-06 0.0112551 0.0120117
300_300_300_1 f1 -1.0 1.6 0.000738144 0.00143816 0.00149113 4.06265e-06 4.27476e-06 0.0121826 0.0172445
300_300_300_1 f1 1.0 1.6 0.000737429 0.0014646 0.00147646 4.14259e-06 4.08292e-06 0.0167097 0.0118147
300_300_300_1 f1 -1.0 2.4 0.000779629 0.0184145 0.0225114 0.00128284 0.00229691 0.230546 0.321328
300_300_300_1 f1 1.0 2.4 0.000965357 0.0189084 0.0111875 0.00116825 0.000449588 0.188882 0.127482
300_300_300_1 f1 -1.0 2.0 0.000967264 0.00228329 0.00253553 1.45047e-05 1.86997e-05 0.0388374 0.0436303
300_300_300_1 f1 1.0 2.0 0.000743866 0.00223996 0.00236476 1.16351e-05 1.32974e-05 0.0225345 0.0282183
300_300_300_1 f1 -1.0 2.8 0.000935793 0.00555687 0.00555679 8.21429e-05 7.68487e-05 0.0628775 0.0599224
300_300_300_1 f1 1.0 2.8 0.000971079 0.00635056 0.006702 0.000152261 0.000165901 0.163829 0.114744
300_300_300_1 f1 -1.0 3.0 0.000991344 0.00296105 0.00288046 2.15162e-05 1.80957e-05 0.0349187 0.0220267
300_300_300_1 f1 1.0 3.0 0.000948429 0.0031084 0.00326934 2.42838e-05 2.60592e-05 0.0444988 0.0320843
300_300_300_1 f1 -2.0 0.4 0.000853062 0.00413052 0.00398256 3.46862e-05 3.15675e-05 0.0393463 0.0371913
300_300_300_1 f1 2.0 0.4 0.000834942 0.00261572 0.00258009 1.28968e-05 1.21042e-05 0.0302727 0.0195199
300_300_300_1 f1 -2.0 0.0 0.000944853 0.00351194 0.00347022 2.44791e-05 2.35055e-05 0.0323091 0.0287324
300_300_300_1 f1 2.0 0.0 0.000739336 0.00183539 0.00182992 6.35426e-06 6.33114e-06 0.0163071 0.0146591
300_300_300_1 f1 -2.0 0.8 0.000826359 0.00491694 0.00476828 5.12312e-05 4.71379e-05 0.0547102 0.0505228
300_300_300_1 f1 2.0 0.8 0.000740528 0.00323458 0.00321436 1.99504e-05 1.87831e-05 0.0359008 0.0238652
300_300_300_1 f1 -2.0 1.2 0.000943899 0.00259814 0.00255098 1.46513e-05 1.43528e-05 0.0331932 0.041278
300_300_300_1 f1 2.0 1.2 0.000977516 0.00211873 0.00204243 9.44871e-06 8.29723e-06 0.0270362 0.0188767
300_300_300_1 f1 -2.0 1.6 0.000731945 0.00305798 0.00318137 2.83332e-05 3.15771e-05 0.0795385 0.0723185
300_300_300_1 f1 2.0 1.6 0.000743866 0.00238834 0.00238457 1.30626e-05 1.23083e-05 0.0441355 0.0270164
300_300_300_1 f1 -2.0 2.4 0.000954628 0.0116561 0.0156346 0.000494044 0.00100078 0.107962 0.152913
300_300_300_1 f1 2.0 2.4 0.000878572 0.0105791 0.00987049 0.00045214 0.000375652 0.135817 0.109008
300_300_300_1 f1 -2.0 2.0 0.00075388 0.00534387 0.00739808 0.000154976 0.000713037 0.192908 0.358372
300_300_300_1 f1 2.0 2.0 0.000734091 0.0033439 0.00343523 3.0971e-05 2.92544e-05 0.038 0.0425064
300_300_300_1 f1 -2.0 2.8 0.000765324 0.00639446 0.00656078 0.000104841 0.000122632 0.0797757 0.0811441
300_300_300_1 f1 2.0 2.8 0.000753403 0.00761005 0.00890146 0.000340091 0.000440024 0.280758 0.21235
300_300_300_1 f1 -2.0 3.0 0.00103998 0.00434407 0.00466657 5.30327e-05 5.07779e-05 0.0690594 0.0391312
300_300_300_1 f1 2.0 3.0 0.000762463 0.00796114 0.0123734 0.000732954 0.00165584 0.436038 0.374943
300_300_300_1 f1 3.0 0.4 0.000766754 0.00196662 0.00200344 7.85896e-06 7.95512e-06 0.0286266 0.0254611
300_300_300_1 f1 3.0 0.0 0.000970125 0.00180161 0.00185103 6.29752e-06 6.56889e-06 0.0213193 0.0164379
300_300_300_1 f1 3.0 0.0 0.000736475 0.00180161 0.00185103 6.29752e-06 6.56889e-06 0.0213193 0.0164379
300_300_300_1 f1 3.0 0.8 0.000779867 0.00217647 0.00217913 9.46526e-06 1.02156e-05 0.0280639 0.0289194
300_300_300_1 f1 3.0 1.2 0.000735283 0.00239425 0.00244101 1.12869e-05 1.41364e-05 0.0244879 0.0393803
300_300_300_1 f1 3.0 1.6 0.000856161 0.00260793 0.00278488 1.36985e-05 1.82397e-05 0.028514 0.0478716
300_300_300_1 f1 3.0 2.4 0.000978708 0.00844482 0.006577 0.000384861 0.000202899 0.140119 0.109288
300_300_300_1 f1 3.0 2.0 0.000795364 0.00316245 0.00342684 2.15435e-05 2.78216e-05 0.0303254 0.0392882
300_300_300_1 f1 3.0 2.8 0.000779867 0.00503296 0.00540773 6.12605e-05 7.61694e-05 0.0467945 0.0533231
300_300_300_1 f1 3.0 3.0 0.000933886 0.00509059 0.00534845 0.000102391 0.000140553 0.173076 0.159063
