layers function psi phi train_time sigma_train sigma_test E_train E_test sigma_max_train sigma_max_test
300_300_300_1 f1 0.0 0.0 0.00100231 0.00102365 0.0010371 1.79135e-06 1.84438e-06 0.0158703 0.017683
300_300_300_1 f1 0.0 0.4 0.00086236 0.00117114 0.00117193 2.38089e-06 2.36727e-06 0.0176798 0.0178724
300_300_300_1 f1 0.0 0.8 0.000794888 0.00127459 0.00127863 2.91188e-06 2.9226e-06 0.0163882 0.018324
300_300_300_1 f1 0.0 1.2 0.00105023 0.000929158 0.00093132 1.52855e-06 1.50657e-06 0.0211786 0.0169541
300_300_300_1 f1 0.0 1.6 0.000774145 0.000842647 0.000858017 1.21721e-06 1.26141e-06 0.0177544 0.0189074
300_300_300_1 f1 0.0 2.0 0.000752687 0.000788131 0.00078577 1.04525e-06 1.03033e-06 0.0155462 0.0183793
300_300_300_1 f1 0.0 2.4 0.000742674 0.00168028 0.00146913 6.07003e-06 4.3162e-06 0.0326492 0.0296963
300_300_300_1 f1 0.0 2.8 0.000757456 0.00105067 0.00104281 1.98684e-06 1.95637e-06 0.0182951 0.0206986
300_300_300_1 f1 0.0 3.0 0.00095129 0.000831058 0.000831979 1.14899e-06 1.16543e-06 0.0145063 0.0185816
300_300_300_1 f1 -1.0 0.0 0.000784397 0.00105796 0.00102306 1.92887e-06 1.84759e-06 0.0105388 0.0128881
300_300_300_1 f1 1.0 0.0 0.000920057 0.000973971 0.000971402 1.59771e-06 1.66249e-06 0.0113472 0.0162578
300_300_300_1 f1 -1.0 0.4 0.000778913 0.00118101 0.00115291 2.46849e-06 2.36192e-06 0.0164556 0.0109574
300_300_300_1 f1 1.0 0.4 0.000757933 0.00115444 0.00111226 2.32285e-06 2.17457e-06 0.0138961 0.0118587
300_300_300_1 f1 -1.0 0.8 0.000742435 0.00126551 0.00125311 2.90224e-06 2.78259e-06 0.0174117 0.010143
300_300_300_1 f1 1.0 0.8 0.000906467 0.0012703 0.00123025 2.91982e-06 2.7133e-06 0.0111293 0.0106564
300_300_300_1 f1 -1.0 1.2 0.00103331 0.00135774 0.00135342 3.36052e-06 3.27964e-06 0.0142671 0.0157264
300_300_300_1 f1 1.0 1.2 0.00085783 0.00136732 0.00134219 3.42888e-06 3.25842e-06 0.0125596 0.0121764
300_300_300_1 f1 -1.0 1.6 0.00102019 0.00149252 0.0015433 4.37507e-06 4.57456e-06 0.0132412 0.0168256
300_300_300_1 f1 1.0 1.6 0.000742197 0.00151785 0.00152916 4.4332e-06 4.31342e-06 0.0164941 0.0119174
300_300_300_1 f1 -1.0 2.0 0.000789642 0.00235225 0.00260194 1.49693e-05 1.95552e-05 0.0421526 0.0443074
300_300_300_1 f1 1.0 2.0 0.000895023 0.00236566 0.00245586 1.27325e-05 1.43205e-05 0.0206215 0.0301667
300_300_300_1 f1 -1.0 2.4 0.000747442 0.0191127 0.0229645 0.00133892 0.00235935 0.232678 0.326301
300_300_300_1 f1 1.0 2.4 0.000829697 0.0200006 0.011725 0.00123829 0.000454966 0.189364 0.109153
300_300_300_1 f1 -1.0 2.8 0.000734806 0.00563318 0.00572857 8.13371e-05 7.98816e-05 0.0586239 0.0605333
300_300_300_1 f1 1.0 2.8 0.000794172 0.00678951 0.00690329 0.000170384 0.000174156 0.168506 0.116904
300_300_300_1 f1 -1.0 3.0 0.000850439 0.00308539 0.0029986 2.32765e-05 1.9397e-05 0.0344344 0.0232064
300_300_300_1 f1 1.0 3.0 0.000733614 0.00323241 0.00339613 2.62103e-05 2.76484e-05 0.0472234 0.0348894
300_300_300_1 f1 -2.0 0.0 0.000764132 0.00457416 0.00441618 4.52397e-05 4.10555e-05 0.0526193 0.042264
300_300_300_1 f1 2.0 0.0 0.000738144 0.00263732 0.00265316 1.38958e-05 1.36539e-05 0.030681 0.0210263
300_300_300_1 f1 -2.0 0.4 0.000936747 0.00577415 0.0055478 7.67569e-05 6.75546e-05 0.07985 0.0659229
300_300_300_1 f1 2.0 0.4 0.000769615 0.00404738 0.00398583 3.39014e-05 3.10029e-05 0.0530501 0.0340596
300_300_300_1 f1 -2.0 0.8 0.000755072 0.00732546 0.00705728 0.000131082 0.000115566 0.0908651 0.0837607
300_300_300_1 f1 2.0 0.8 0.000779629 0.00532376 0.00530678 6.11484e-05 5.80347e-05 0.0592308 0.0582725
300_300_300_1 f1 -2.0 1.2 0.000875473 0.00270197 0.00267706 1.57379e-05 1.59147e-05 0.0312598 0.0425495
300_300_300_1 f1 2.0 1.2 0.000779152 0.00220658 0.00211269 1.02404e-05 8.78687e-06 0.0286429 0.0218275
300_300_300_1 f1 -2.0 1.6 0.0013454 0.00315926 0.00327518 2.99528e-05 3.45256e-05 0.0795716 0.0754708
300_300_300_1 f1 2.0 1.6 0.00141215 0.00249144 0.00245562 1.40101e-05 1.28999e-05 0.0435274 0.0268363
300_300_300_1 f1 -2.0 2.0 0.000968933 0.00543627 0.00756798 0.000168527 0.000745324 0.204946 0.367266
300_300_300_1 f1 2.0 2.0 0.000941038 0.00350632 0.00355288 3.42214e-05 3.09882e-05 0.0394901 0.0368028
300_300_300_1 f1 -2.0 2.4 0.000837326 0.0123285 0.0166504 0.000513748 0.00111957 0.098935 0.161568
300_300_300_1 f1 2.0 2.4 0.0017972 0.0113533 0.0103165 0.000489122 0.000408313 0.143839 0.105887
300_300_300_1 f1 -2.0 2.8 0.000763893 0.00668716 0.00701954 0.000112145 0.000137457 0.0858542 0.0859476
300_300_300_1 f1 2.0 2.8 0.000946522 0.00806269 0.00943106 0.000412119 0.000457315 0.312828 0.213192
300_300_300_1 f1 -2.0 3.0 0.000739336 0.00449389 0.004847 5.30288e-05 5.53005e-05 0.0612492 0.0381869
300_300_300_1 f1 2.0 3.0 0.000943422 0.00825134 0.0127408 0.000784966 0.00171502 0.448109 0.377716
300_300_300_1 f1 3.0 0.0 0.00204659 0.00187862 0.00193205 6.81533e-06 7.23023e-06 0.0221973 0.0169266
300_300_300_1 f1 3.0 0.4 0.000741243 0.00203174 0.0020641 8.39294e-06 8.4857e-06 0.0286844 0.0252005
300_300_300_1 f1 3.0 0.8 0.000765085 0.00225458 0.00225569 1.02419e-05 1.09374e-05 0.0269141 0.0298379
300_300_300_1 f1 3.0 1.2 0.000756741 0.00248434 0.0025051 1.22122e-05 1.50354e-05 0.0271828 0.0439242
300_300_300_1 f1 3.0 1.6 0.000725508 0.00269626 0.00286499 1.45859e-05 1.93315e-05 0.0306376 0.0521791
300_300_300_1 f1 3.0 2.0 0.00077796 0.00323906 0.00349267 2.27316e-05 2.83409e-05 0.0323025 0.0402235
300_300_300_1 f1 3.0 2.4 0.000758171 0.00868499 0.00679667 0.000416457 0.000208904 0.154223 0.110619
300_300_300_1 f1 3.0 2.8 0.000764608 0.00531928 0.00572235 6.73153e-05 8.58918e-05 0.047174 0.053489
300_300_300_1 f1 3.0 3.0 0.000982046 0.00533842 0.00551669 0.000115055 0.000147812 0.175463 0.163564
