layers function psi phi train_time sigma_train sigma_test E_train E_test sigma_max_train sigma_max_test
300_300_300_1 f1 0.0 0.0 0.000939369 0.00102287 0.00104491 1.79039e-06 1.87089e-06 0.0162266 0.016889
300_300_300_1 f1 0.0 0.4 0.000730515 0.0012338 0.00123465 2.63586e-06 2.61426e-06 0.0221164 0.0181295
300_300_300_1 f1 0.0 0.8 0.000968218 0.00132695 0.00132764 3.14585e-06 3.10766e-06 0.0204878 0.0171571
300_300_300_1 f1 0.0 1.2 0.000749588 0.0011572 0.00113271 2.39299e-06 2.22936e-06 0.0197458 0.018005
300_300_300_1 f1 0.0 1.6 0.000731468 0.000986064 0.000998667 1.69929e-06 1.70789e-06 0.0183253 0.0223066
300_300_300_1 f1 0.0 2.0 0.000776052 0.000931257 0.000939937 1.47958e-06 1.55098e-06 0.0166968 0.0224552
300_300_300_1 f1 0.0 2.4 0.000939846 0.00222664 0.00200564 9.60219e-06 8.91446e-06 0.0305961 0.0241511
300_300_300_1 f1 0.0 2.8 0.00134087 0.00128058 0.00123842 2.84371e-06 2.72595e-06 0.0164424 0.020315
300_300_300_1 f1 0.0 3.0 0.00078249 0.000947761 0.000955513 1.51556e-06 1.62046e-06 0.0130726 0.0155516
300_300_300_1 f1 -1.0 0.0 0.000821352 0.00142856 0.00140816 3.52898e-06 3.50603e-06 0.0119949 0.0128167
300_300_300_1 f1 1.0 0.0 0.000738621 0.00129811 0.00130827 2.85717e-06 2.97609e-06 0.0129518 0.0202878
300_300_300_1 f1 -1.0 0.4 0.00102496 0.00147888 0.00144273 3.89004e-06 3.67254e-06 0.015654 0.0114915
300_300_300_1 f1 1.0 0.4 0.00157523 0.0014294 0.0014018 3.5489e-06 3.4109e-06 0.0138931 0.015309
300_300_300_1 f1 -1.0 0.8 0.000738144 0.00158162 0.00153656 4.48762e-06 4.16659e-06 0.0149466 0.0128536
300_300_300_1 f1 1.0 0.8 0.000762224 0.00154242 0.00149735 4.18156e-06 3.94204e-06 0.0115935 0.0136077
300_300_300_1 f1 -1.0 1.2 0.000819921 0.00166099 0.00164588 5.11779e-06 4.94072e-06 0.0143593 0.0152642
300_300_300_1 f1 1.0 1.2 0.00100756 0.00167004 0.00167816 4.88744e-06 5.07014e-06 0.0123445 0.0171086
300_300_300_1 f1 -1.0 1.6 0.000939846 0.00186474 0.00186248 6.76227e-06 6.59794e-06 0.0168065 0.0187849
300_300_300_1 f1 1.0 1.6 0.000956059 0.00185047 0.00187383 6.31773e-06 6.47796e-06 0.0211255 0.0134163
300_300_300_1 f1 -1.0 2.0 0.000747204 0.00288962 0.00302639 2.13137e-05 2.36334e-05 0.0390307 0.0436429
300_300_300_1 f1 1.0 2.0 0.000782967 0.00280718 0.00301183 1.75909e-05 2.16303e-05 0.0243551 0.0385449
300_300_300_1 f1 -1.0 2.4 0.00112724 0.021939 0.0254972 0.0016303 0.00253196 0.274754 0.334133
300_300_300_1 f1 1.0 2.4 0.000729084 0.0222047 0.0134698 0.00139827 0.00057368 0.208047 0.116309
300_300_300_1 f1 -1.0 2.8 0.000952244 0.00715741 0.00679137 0.000142574 0.000114541 0.0769441 0.0719937
300_300_300_1 f1 1.0 2.8 0.000957489 0.00787827 0.00830367 0.000219591 0.000231987 0.170628 0.127784
300_300_300_1 f1 -1.0 3.0 0.000741959 0.00363666 0.00359806 2.95392e-05 2.61925e-05 0.0332091 0.02929
300_300_300_1 f1 1.0 3.0 0.000747204 0.00367371 0.00387089 3.09151e-05 3.60948e-05 0.0471449 0.0438436
300_300_300_1 f1 -2.0 0.0 0.000929594 0.00466615 0.00453856 4.67799e-05 4.32647e-05 0.0542382 0.0450905
300_300_300_1 f1 2.0 0.0 0.000730753 0.00270539 0.00272955 1.46538e-05 1.43057e-05 0.0311061 0.0212924
300_300_300_1 f1 -2.0 0.4 0.000752449 0.00584393 0.00562964 7.85799e-05 6.90796e-05 0.0825029 0.0676505
300_300_300_1 f1 2.0 0.4 0.00075841 0.00410488 0.00403978 3.4772e-05 3.165e-05 0.0519279 0.0321436
300_300_300_1 f1 -2.0 0.8 0.000906944 0.00735891 0.0071232 0.000131673 0.000117253 0.09082 0.0845794
300_300_300_1 f1 2.0 0.8 0.000789404 0.00537046 0.00538352 6.21576e-05 5.95755e-05 0.0614177 0.0599482
300_300_300_1 f1 -2.0 1.2 0.000772238 0.00343892 0.00338606 2.53181e-05 2.58491e-05 0.0398155 0.0584452
300_300_300_1 f1 2.0 1.2 0.000751972 0.00286054 0.00276624 1.59327e-05 1.39952e-05 0.0264762 0.0223717
300_300_300_1 f1 -2.0 1.6 0.000956774 0.00386766 0.0040841 4.39431e-05 5.31323e-05 0.0988676 0.101573
300_300_300_1 f1 2.0 1.6 0.00073123 0.0030382 0.00295705 1.99091e-05 1.79625e-05 0.0404405 0.0241701
300_300_300_1 f1 -2.0 2.0 0.00079608 0.00632453 0.00836503 0.000225372 0.000839389 0.240987 0.389584
300_300_300_1 f1 2.0 2.0 0.000753164 0.0040219 0.00430233 4.08729e-05 4.49759e-05 0.0545952 0.0469121
300_300_300_1 f1 -2.0 2.4 0.0013597 0.0138857 0.0182286 0.000589245 0.00127964 0.118249 0.168436
300_300_300_1 f1 2.0 2.4 0.00190234 0.0128575 0.0112391 0.00058672 0.000437662 0.151873 0.106022
300_300_300_1 f1 -2.0 2.8 0.00106072 0.00820708 0.00869448 0.000165287 0.000201193 0.0884055 0.0876646
300_300_300_1 f1 2.0 2.8 0.000842094 0.00933558 0.0113845 0.000413634 0.000704342 0.292028 0.263379
300_300_300_1 f1 -2.0 3.0 0.00105619 0.00548874 0.00565491 7.97317e-05 7.32805e-05 0.0912755 0.0459681
300_300_300_1 f1 2.0 3.0 0.000761747 0.00912439 0.0142892 0.000799918 0.002125 0.43864 0.42189
300_300_300_1 f1 3.0 0.0 0.000735044 0.002623 0.00265931 1.22724e-05 1.28729e-05 0.0222858 0.0192646
300_300_300_1 f1 3.0 0.0 0.000729799 0.002623 0.00265931 1.22724e-05 1.28729e-05 0.0222858 0.0192646
300_300_300_1 f1 3.0 0.4 0.000788927 0.0027144 0.00271343 1.40865e-05 1.42624e-05 0.0260163 0.0249287
300_300_300_1 f1 3.0 0.8 0.00074482 0.00291563 0.00288339 1.70207e-05 1.70205e-05 0.0288366 0.0311771
300_300_300_1 f1 3.0 1.2 0.000760794 0.00303162 0.00306099 1.78225e-05 2.08765e-05 0.0287056 0.049228
300_300_300_1 f1 3.0 1.6 0.000760078 0.00324621 0.00339652 2.06027e-05 2.51918e-05 0.0296257 0.0449299
300_300_300_1 f1 3.0 2.0 0.00080514 0.0038994 0.00412199 3.13126e-05 3.76372e-05 0.0459616 0.0403967
300_300_300_1 f1 3.0 2.4 0.00125599 0.00945946 0.0077604 0.00042327 0.00023715 0.14738 0.10686
300_300_300_1 f1 3.0 2.8 0.000907898 0.00619754 0.00651852 8.60726e-05 0.000101863 0.0622811 0.0522716
300_300_300_1 f1 3.0 3.0 0.000836134 0.00603612 0.00631846 0.00012174 0.000171632 0.168881 0.179801
