layers function psi phi train_time sigma_train sigma_test E_train E_test sigma_max_train sigma_max_test
50_50_1 f2 0.0 0.4 97.794 0.0207235 0.0212492 0.000731937 0.000767537 0.212608 0.194271
70_70_70_1 f2 0.0 0.4 144.007 0.00644703 0.00677536 6.84499e-05 7.61477e-05 0.0571603 0.0640837
50_50_1 f2 0.0 0.8 99.9851 0.0400914 0.0412571 0.00282378 0.00297986 0.534844 0.511393
70_70_70_1 f2 0.0 0.8 148.201 0.0138644 0.0150753 0.000321478 0.000399914 0.14439 0.307379
50_50_1 f2 0.0 0.0 105.36 0.00601478 0.00611381 7.21516e-05 7.43242e-05 0.186536 0.185621
70_70_70_1 f2 0.0 0.0 147.877 0.00072971 0.000732351 8.69336e-07 8.74988e-07 0.0267345 0.0235367
50_50_1 f2 0.0 1.2 99.3993 0.0525915 0.0554469 0.00479465 0.00573179 0.533639 0.651477
70_70_70_1 f2 0.0 1.2 140.988 0.0658043 0.0688822 0.00726879 0.00822411 0.54626 0.568882
50_50_1 f2 0.0 1.6 103.485 0.0590053 0.061646 0.00612908 0.00669458 0.603968 0.683561
70_70_70_1 f2 0.0 1.6 141.874 0.0206153 0.0227868 0.000708528 0.000911348 0.238643 0.404305
50_50_1 f2 0.0 2.4 99.251 0.065723 0.0697281 0.007455 0.00873871 0.582855 0.678474
70_70_70_1 f2 0.0 2.4 150.314 0.0215399 0.0247669 0.000764323 0.00114565 0.264984 0.442523
50_50_1 f2 0.0 2.8 100.457 0.0671605 0.0709844 0.00776672 0.0089901 0.526595 0.624561
70_70_70_1 f2 0.0 2.8 146.234 0.0218588 0.0247807 0.000778132 0.00111535 0.197349 0.35163
50_50_1 f2 0.0 2.0 102.226 0.0622533 0.0657845 0.00676106 0.00782237 0.594646 0.636499
70_70_70_1 f2 0.0 2.0 145.817 0.0227324 0.0255509 0.000857816 0.0012111 0.232366 0.424969
50_50_1 f2 0.0 3.0 100.661 0.0665259 0.0704064 0.00755878 0.00881095 0.522684 0.647677
70_70_70_1 f2 0.0 3.0 141.545 0.0216984 0.0242188 0.000777867 0.00107724 0.211674 0.397241
50_50_1 f2 1.0 0.4 98.85 0.0241821 0.0249252 0.00100586 0.00109003 0.330754 0.489299
70_70_70_1 f2 1.0 0.4 141.301 0.0077409 0.0082068 9.83686e-05 0.000121687 0.0943248 0.294869
50_50_1 f2 1.0 0.8 100.195 0.0410359 0.0421907 0.00292326 0.00310925 0.399743 0.449182
70_70_70_1 f2 1.0 0.8 142.201 0.0143985 0.0156844 0.000343088 0.000425189 0.10947 0.190038
50_50_1 f2 1.0 0.0 104.833 0.0131367 0.0135202 0.000294786 0.00031257 0.203213 0.187416
70_70_70_1 f2 1.0 0.0 147.037 0.000738761 0.000758295 9.9975e-07 1.06296e-06 0.023951 0.0198367
50_50_1 f2 1.0 1.2 103.542 0.0532659 0.0549328 0.00506256 0.00530127 0.558346 0.615882
70_70_70_1 f2 1.0 1.2 143.179 0.0188713 0.0207119 0.000594872 0.000782355 0.185156 0.378334
50_50_1 f2 1.0 2.4 103.192 0.067387 0.0713921 0.00783519 0.00894687 0.55051 0.587458
70_70_70_1 f2 1.0 2.4 142.837 0.022562 0.0252448 0.000832433 0.00110709 0.205164 0.288979
50_50_1 f2 1.0 2.8 99.8015 0.0664 0.0699921 0.00761321 0.00873367 0.518808 0.612225
70_70_70_1 f2 1.0 2.8 142.398 0.0230874 0.0258063 0.000877091 0.00119423 0.211403 0.334418
50_50_1 f2 1.0 2.0 102.122 0.0636841 0.0678878 0.00699788 0.00826649 0.603093 0.619719
70_70_70_1 f2 1.0 2.0 152.386 0.0221031 0.024965 0.000802689 0.00114401 0.20057 0.365914
50_50_1 f2 1.0 3.0 99.0014 0.066025 0.0691532 0.00757604 0.00856723 0.56668 0.700625
70_70_70_1 f2 1.0 3.0 145.299 0.0227384 0.0253018 0.000855372 0.00119203 0.193435 0.376633
50_50_1 f2 2.0 0.4 100.168 0.0333448 0.0341736 0.00195148 0.0020597 0.391524 0.444264
70_70_70_1 f2 2.0 0.4 144.746 0.00962932 0.0103423 0.000153791 0.000187804 0.119464 0.213692
50_50_1 f2 2.0 0.8 101.479 0.0446663 0.0456378 0.00344066 0.00358216 0.402465 0.382694
70_70_70_1 f2 2.0 0.8 142.35 0.0146731 0.0159599 0.000353085 0.000438547 0.104036 0.166363
50_50_1 f2 2.0 0.0 108.654 0.0235603 0.0242953 0.000930743 0.00099371 0.269528 0.266434
70_70_70_1 f2 2.0 0.0 148.227 0.00107702 0.00111735 2.33085e-06 2.57653e-06 0.0182162 0.0153715
50_50_1 f2 2.0 1.2 100.444 0.0542509 0.056053 0.00505696 0.00544383 0.503679 0.573767
70_70_70_1 f2 2.0 1.2 146.259 0.0185277 0.0205497 0.000563193 0.000730303 0.166236 0.335236
50_50_1 f2 2.0 1.6 103.657 0.0617676 0.0641983 0.00666886 0.0071644 0.542696 0.534121
70_70_70_1 f2 2.0 1.6 144.419 0.0210905 0.0235903 0.000733895 0.000971715 0.21418 0.24438
50_50_1 f2 2.0 2.4 100.985 0.0671215 0.0707812 0.00778254 0.00881288 0.554768 0.540758
70_70_70_1 f2 2.0 2.4 150.023 0.0225079 0.0254073 0.000827323 0.00113732 0.17273 0.317247
50_50_1 f2 2.0 2.8 101.177 0.0669705 0.069844 0.00778822 0.00868361 0.571382 0.673285
70_70_70_1 f2 2.0 2.8 151.424 0.0231572 0.0262212 0.000880707 0.00127282 0.236859 0.475375
50_50_1 f2 2.0 2.0 99.5003 0.065883 0.0693964 0.00750855 0.00853134 0.574658 0.711415
70_70_70_1 f2 2.0 2.0 141.796 0.0223561 0.025063 0.000816187 0.00114065 0.198438 0.429625
50_50_1 f2 2.0 3.0 100.515 0.0665824 0.0697009 0.00767954 0.00871496 0.587223 0.759162
70_70_70_1 f2 2.0 3.0 144.251 0.0457926 0.0493764 0.00343466 0.00429361 0.28918 0.667784
50_50_1 f2 3.0 0.4 99.9789 0.0413435 0.0426823 0.00299999 0.00323247 0.483845 0.577948
70_70_70_1 f2 3.0 0.4 143.033 0.011186 0.0120733 0.000210299 0.000273402 0.114941 0.355074
50_50_1 f2 3.0 0.8 100.693 0.0490223 0.0504109 0.00421622 0.00450564 0.515456 0.536803
70_70_70_1 f2 3.0 0.8 141.402 0.0163385 0.0178709 0.000447121 0.000582135 0.154163 0.305441
50_50_1 f2 3.0 0.0 100.43 0.0328645 0.0338935 0.00181165 0.00193646 0.357667 0.357057
70_70_70_1 f2 3.0 0.0 144.739 0.0014168 0.00146946 4.0107e-06 4.46861e-06 0.0159311 0.0211427
50_50_1 f2 3.0 1.2 104.131 0.0557696 0.0579387 0.005324 0.00585539 0.442514 0.554604
70_70_70_1 f2 3.0 1.2 140.802 0.0197957 0.0220563 0.000638789 0.000858302 0.17754 0.28741
50_50_1 f2 3.0 2.4 103.187 0.0668271 0.0701648 0.00770374 0.0087513 0.606179 0.677919
70_70_70_1 f2 3.0 2.4 146.339 0.0223963 0.02536 0.000818495 0.00118425 0.184788 0.467259
50_50_1 f2 3.0 2.8 101.441 0.0688351 0.0714938 0.00831805 0.00900728 0.62761 0.761662
70_70_70_1 f2 3.0 2.8 142.398 0.0235048 0.0264674 0.000911303 0.00131203 0.232082 0.573111
50_50_1 f2 3.0 2.0 103.214 0.0677318 0.0710741 0.00797432 0.00891993 0.564405 0.679422
70_70_70_1 f2 3.0 2.0 149.301 0.0242094 0.0274131 0.000956551 0.00134239 0.180879 0.402638
50_50_1 f2 3.0 3.0 103.342 0.067388 0.0700397 0.0079937 0.00856989 0.588424 0.681466
70_70_70_1 f2 3.0 3.0 142.795 0.0255107 0.0281456 0.00106983 0.00143591 0.28655 0.51362
50_50_1 f2 -1.0 0.4 105.224 0.0259822 0.0267877 0.00117183 0.00125714 0.250691 0.242992
70_70_70_1 f2 -1.0 0.4 150.078 0.00806625 0.00860199 0.000107245 0.000123452 0.0667619 0.0773335
50_50_1 f2 -1.0 0.8 104.482 0.0433554 0.0452402 0.00326705 0.00368581 0.365429 0.543324
70_70_70_1 f2 -1.0 0.8 152.313 0.0142836 0.015659 0.000336114 0.000448926 0.106597 0.296253
50_50_1 f2 -1.0 0.0 105.389 0.0131903 0.0135546 0.000297355 0.000314855 0.208102 0.217159
70_70_70_1 f2 -1.0 0.0 142.681 0.000884819 0.000904083 1.48383e-06 1.56815e-06 0.020972 0.020371
50_50_1 f2 -1.0 1.2 107.787 0.0533127 0.0558698 0.00495783 0.00558428 0.531855 0.596264
70_70_70_1 f2 -1.0 1.2 147.355 0.018717 0.0208626 0.000585247 0.000787828 0.241994 0.362462
50_50_1 f2 -1.0 1.6 98.6431 0.058869 0.0612968 0.00609297 0.00662749 0.568291 0.636089
70_70_70_1 f2 -1.0 1.6 146.628 0.0203654 0.0226847 0.000686579 0.000909454 0.197261 0.339934
50_50_1 f2 -1.0 2.4 99.7474 0.0632337 0.0671851 0.00685352 0.00819861 0.61419 0.713511
70_70_70_1 f2 -1.0 2.4 144.665 0.0211089 0.0241694 0.00073352 0.00112819 0.259504 0.481894
50_50_1 f2 -1.0 2.8 102.868 0.0659505 0.0695714 0.0075158 0.0086634 0.577038 0.692035
70_70_70_1 f2 -1.0 2.8 142.612 0.0215384 0.0244405 0.000758639 0.00111366 0.226525 0.353471
50_50_1 f2 -1.0 2.0 100.536 0.0624723 0.0659014 0.00681001 0.00781865 0.591392 0.67488
70_70_70_1 f2 -1.0 2.0 144.398 0.0213586 0.0240928 0.000755887 0.00107918 0.233036 0.425298
50_50_1 f2 -1.0 3.0 104.457 0.0660646 0.0697359 0.0074957 0.00875754 0.598819 0.693314
70_70_70_1 f2 -1.0 3.0 147.124 0.0219528 0.0249358 0.000788334 0.00117911 0.213811 0.426565
50_50_1 f2 -2.0 0.4 100.34 0.036139 0.0375486 0.00233579 0.00256341 0.424334 0.415004
70_70_70_1 f2 -2.0 0.4 139.476 0.0101879 0.010993 0.00017419 0.000211711 0.120406 0.158199
50_50_1 f2 -2.0 0.8 101.96 0.0480107 0.0501794 0.00406203 0.00455911 0.586906 0.526389
70_70_70_1 f2 -2.0 0.8 140.598 0.0154435 0.01728 0.000405434 0.000556719 0.26012 0.321122
50_50_1 f2 -2.0 0.0 101.162 0.0245442 0.0251947 0.00102577 0.00109335 0.263849 0.328323
70_70_70_1 f2 -2.0 0.0 145.411 0.00206704 0.00214803 8.64836e-06 9.54229e-06 0.0198405 0.0222527
50_50_1 f2 -2.0 1.2 101.862 0.0545744 0.0573487 0.00524945 0.00585483 0.546863 0.541059
70_70_70_1 f2 -2.0 1.2 140.806 0.0188128 0.0206741 0.000589512 0.000773654 0.167524 0.27447
50_50_1 f2 -2.0 1.6 100.508 0.0601026 0.062586 0.00621499 0.00697693 0.595114 0.653744
70_70_70_1 f2 -2.0 1.6 144.21 0.019965 0.0223037 0.000655718 0.000917416 0.169761 0.364542
50_50_1 f2 -2.0 2.4 99.1949 0.0635728 0.0679084 0.00686317 0.00830846 0.528415 0.667982
70_70_70_1 f2 -2.0 2.4 142.988 0.0213164 0.0240985 0.000742663 0.00108922 0.240701 0.408675
50_50_1 f2 -2.0 2.0 102.82 0.0608879 0.0640106 0.00646528 0.00734146 0.647876 0.636199
70_70_70_1 f2 -2.0 2.0 141.979 0.0214613 0.0239996 0.000765055 0.00104953 0.219599 0.397828
50_50_1 f2 -2.0 3.0 105.931 0.064669 0.0685658 0.00715552 0.00843092 0.587166 0.75762
70_70_70_1 f2 -2.0 3.0 152.539 0.0219153 0.0247204 0.000788567 0.00116446 0.204777 0.472319
50_50_1 f1 0.0 0.4 108.306 0.00660773 0.00673351 8.60015e-05 8.89107e-05 0.186968 0.168978
70_70_70_1 f1 0.0 0.4 145.907 0.000721266 0.000723261 9.0935e-07 9.15191e-07 0.027971 0.0216841
50_50_1 f1 0.0 0.8 110.111 0.00722355 0.00733123 0.000102259 0.000105523 0.172029 0.171221
70_70_70_1 f1 0.0 0.8 147.534 0.000760308 0.000765874 1.04256e-06 1.05331e-06 0.0221587 0.0231164
50_50_1 f1 0.0 0.0 104.335 0.00600676 0.00610625 7.21102e-05 7.43019e-05 0.188049 0.186959
70_70_70_1 f1 0.0 0.0 147.446 0.000751744 0.000750997 9.35616e-07 9.32911e-07 0.0280437 0.0258197
50_50_1 f1 0.0 1.2 107.37 0.00724265 0.00732001 0.000102846 0.000105491 0.175981 0.179732
70_70_70_1 f1 0.0 1.2 146.085 0.00076885 0.000777386 1.06224e-06 1.08371e-06 0.0242216 0.0242333
50_50_1 f1 0.0 1.6 103.973 0.00666313 0.00671962 8.72526e-05 8.90206e-05 0.186495 0.191591
70_70_70_1 f1 0.0 1.6 147.216 0.000752614 0.000763053 9.79557e-07 1.00813e-06 0.0275976 0.0285848
50_50_1 f1 0.0 2.4 101.106 0.00922524 0.00999389 0.000179256 0.000199552 0.186614 0.196391
70_70_70_1 f1 0.0 2.4 144.391 0.00133503 0.00142073 3.29122e-06 3.68202e-06 0.0257328 0.0229193
50_50_1 f1 0.0 2.8 102.413 0.00849364 0.00860596 0.00013325 0.000138145 0.175792 0.188196
70_70_70_1 f1 0.0 2.8 144.779 0.000820922 0.000844919 1.14347e-06 1.22107e-06 0.0304317 0.0316332
50_50_1 f1 0.0 2.0 100.694 0.00601262 0.00609934 7.25616e-05 7.42e-05 0.184077 0.195982
70_70_70_1 f1 0.0 2.0 141.901 0.000773322 0.000779956 9.8339e-07 9.96993e-07 0.0238889 0.0281704
50_50_1 f1 0.0 3.0 103.564 0.00813056 0.00825684 0.000119239 0.000124658 0.167794 0.19144
70_70_70_1 f1 0.0 3.0 149.741 0.000755138 0.000768081 9.58772e-07 1.00979e-06 0.0259584 0.0338384
50_50_1 f1 -1.0 0.4 103.39 0.014374 0.0146752 0.000355999 0.000370987 0.226838 0.214932
70_70_70_1 f1 -1.0 0.4 143.388 0.00099399 0.00102428 1.84509e-06 1.97512e-06 0.0283423 0.0218943
50_50_1 f1 1.0 0.4 101.669 0.0138369 0.0142658 0.000328009 0.000350777 0.205387 0.1946
70_70_70_1 f1 1.0 0.4 145.562 0.000880509 0.000907975 1.39001e-06 1.49773e-06 0.0298536 0.0234018
50_50_1 f1 -1.0 0.8 98.1787 0.0155764 0.0160582 0.000423956 0.000451349 0.200333 0.209251
70_70_70_1 f1 -1.0 0.8 142.632 0.00112776 0.00116311 2.39484e-06 2.57433e-06 0.0239535 0.0215173
50_50_1 f1 1.0 0.8 102.035 0.0147963 0.0152952 0.000378409 0.00040293 0.209114 0.198579
70_70_70_1 f1 1.0 0.8 146.07 0.00097957 0.00101484 1.73073e-06 1.87688e-06 0.0263568 0.0225858
50_50_1 f1 -1.0 0.0 101.58 0.0131374 0.0134867 0.000294293 0.000311482 0.215753 0.212991
70_70_70_1 f1 -1.0 0.0 144.834 0.000842996 0.000861214 1.34027e-06 1.41619e-06 0.0219318 0.0220526
50_50_1 f1 1.0 0.0 99.7976 0.013071 0.0134876 0.000292179 0.000310414 0.203197 0.19101
70_70_70_1 f1 1.0 0.0 146.596 0.000719666 0.000736888 9.51266e-07 1.00493e-06 0.0233744 0.0184102
50_50_1 f1 -1.0 1.2 97.2447 0.0152794 0.0157954 0.000407244 0.000435706 0.204209 0.211438
70_70_70_1 f1 -1.0 1.2 139.669 0.00122412 0.0012687 2.81595e-06 3.1024e-06 0.0228311 0.023093
50_50_1 f1 1.0 1.2 97.8301 0.0154299 0.0159828 0.000411077 0.000444304 0.200195 0.202901
70_70_70_1 f1 1.0 1.2 144.333 0.00108753 0.00112122 2.12352e-06 2.29364e-06 0.0245041 0.0247604
50_50_1 f1 -1.0 1.6 96.5908 0.0171291 0.0180427 0.000508333 0.000569372 0.240952 0.256875
70_70_70_1 f1 -1.0 1.6 139.941 0.0014722 0.00156521 4.07961e-06 4.85219e-06 0.0263414 0.0313583
50_50_1 f1 1.0 1.6 101.086 0.0158969 0.0165674 0.000431446 0.000471257 0.203861 0.221044
70_70_70_1 f1 1.0 1.6 146.802 0.00115382 0.00120606 2.38874e-06 2.67084e-06 0.0250105 0.030649
50_50_1 f1 -1.0 2.4 103.019 0.0351344 0.0488687 0.00226761 0.00514012 0.351239 0.466757
70_70_70_1 f1 -1.0 2.4 145.142 0.00572548 0.008864 5.73972e-05 0.000170375 0.0435624 0.101293
50_50_1 f1 1.0 2.4 99.8587 0.0361981 0.0493994 0.00227374 0.00492664 0.303779 0.457552
70_70_70_1 f1 1.0 2.4 143.25 0.0316714 0.0423703 0.00177712 0.00343678 0.26862 0.399366
50_50_1 f1 -1.0 2.8 97.3231 0.0267506 0.0309547 0.00121297 0.00175429 0.254763 0.270309
70_70_70_1 f1 -1.0 2.8 141.04 0.00978887 0.0127055 0.00018408 0.000383838 0.105916 0.21861
50_50_1 f1 1.0 2.8 101.304 0.0247864 0.0279566 0.00107639 0.00153098 0.214394 0.346034
70_70_70_1 f1 1.0 2.8 142.381 0.00445685 0.00545546 3.56945e-05 6.43565e-05 0.048698 0.0740563
50_50_1 f1 -1.0 2.0 103.744 0.0167145 0.018427 0.000501311 0.00065129 0.23522 0.237592
70_70_70_1 f1 -1.0 2.0 139.1 0.00211385 0.00240264 8.51185e-06 1.28437e-05 0.0437867 0.037575
50_50_1 f1 1.0 2.0 102.098 0.0176203 0.0191751 0.000528658 0.000640668 0.243577 0.238468
70_70_70_1 f1 1.0 2.0 144.837 0.00148826 0.00160415 3.95592e-06 4.78077e-06 0.0317152 0.0304752
50_50_1 f1 -1.0 3.0 102.832 0.0182655 0.0199699 0.00055465 0.000675961 0.201863 0.22462
70_70_70_1 f1 -1.0 3.0 142.963 0.00266914 0.00295167 1.21099e-05 1.53738e-05 0.0256949 0.0250639
50_50_1 f1 1.0 3.0 99.1562 0.0188049 0.0203584 0.000599934 0.000735909 0.18924 0.215977
70_70_70_1 f1 1.0 3.0 144.713 0.00318061 0.00346585 1.89514e-05 2.38558e-05 0.0359194 0.0402429
50_50_1 f1 -2.0 0.4 101.741 0.0264292 0.0272767 0.00122243 0.00130544 0.270394 0.278385
70_70_70_1 f1 -2.0 0.4 147.559 0.00200783 0.00211323 8.28094e-06 9.33404e-06 0.0228526 0.0244229
50_50_1 f1 2.0 0.4 104.757 0.0243627 0.0252368 0.00100113 0.00107527 0.253094 0.278209
70_70_70_1 f1 2.0 0.4 147.095 0.00129168 0.0013515 3.14502e-06 3.58615e-06 0.0281282 0.0213121
50_50_1 f1 -2.0 0.8 100.19 0.0283199 0.0291095 0.00143746 0.00151853 0.289466 0.276511
70_70_70_1 f1 -2.0 0.8 145.736 0.00237962 0.00252268 1.15766e-05 1.34605e-05 0.0273654 0.0281611
50_50_1 f1 2.0 0.8 99.8302 0.0258464 0.0268213 0.00113935 0.00123254 0.267961 0.27005
70_70_70_1 f1 2.0 0.8 149.36 0.00140714 0.00148363 3.76192e-06 4.32504e-06 0.0201763 0.0208496
50_50_1 f1 -2.0 0.0 101.423 0.0238389 0.0245872 0.000971855 0.00104332 0.244378 0.316675
70_70_70_1 f1 -2.0 0.0 143.93 0.00165321 0.00171747 5.62198e-06 6.18033e-06 0.0199444 0.0222788
50_50_1 f1 2.0 0.0 106.031 0.0234693 0.0242021 0.000922948 0.000985897 0.265616 0.262924
70_70_70_1 f1 2.0 0.0 145.615 0.00102135 0.00105379 2.11835e-06 2.30814e-06 0.0170343 0.0140907
50_50_1 f1 -2.0 1.2 100.296 0.0291809 0.0304783 0.0015264 0.00167226 0.318465 0.29691
70_70_70_1 f1 -2.0 1.2 141.265 0.00277194 0.00298885 1.56285e-05 1.94337e-05 0.0287934 0.0342525
50_50_1 f1 2.0 1.2 101.408 0.0279444 0.0290158 0.00132208 0.00143747 0.317812 0.284947
70_70_70_1 f1 2.0 1.2 150.476 0.00157166 0.00166968 4.58272e-06 5.4186e-06 0.0205898 0.0237659
50_50_1 f1 -2.0 1.6 101.614 0.0335066 0.0352726 0.00206753 0.00236986 0.336775 0.432296
70_70_70_1 f1 -2.0 1.6 143.038 0.00353756 0.00396464 2.51632e-05 3.71673e-05 0.0437072 0.093324
50_50_1 f1 2.0 1.6 106.786 0.0292201 0.0309432 0.00144571 0.00164096 0.316853 0.297319
70_70_70_1 f1 2.0 1.6 148.441 0.00180969 0.00194375 5.96665e-06 7.3456e-06 0.0219032 0.0349426
50_50_1 f1 -2.0 2.4 99.9442 0.0601149 0.0672044 0.00624106 0.00796076 0.366296 0.451745
70_70_70_1 f1 -2.0 2.4 144.717 0.00378858 0.00465402 2.60179e-05 3.84416e-05 0.0437104 0.0460224
50_50_1 f1 2.0 2.4 108.54 0.0385705 0.0462467 0.00255402 0.00402483 0.334801 0.412781
70_70_70_1 f1 2.0 2.4 146.044 0.0031275 0.00379171 1.67421e-05 2.48021e-05 0.0331906 0.0441757
50_50_1 f1 -2.0 2.8 103.043 0.0354283 0.0405529 0.00212876 0.0029027 0.247696 0.407613
70_70_70_1 f1 -2.0 2.8 145.893 0.0093541 0.0114306 0.000157716 0.000264924 0.109026 0.125847
50_50_1 f1 2.0 2.8 112.485 0.0335516 0.0378231 0.00203524 0.00281104 0.361338 0.455021
70_70_70_1 f1 2.0 2.8 141.524 0.00727088 0.00896662 9.26182e-05 0.000171207 0.055689 0.164321
50_50_1 f1 -2.0 2.0 101.133 0.0395864 0.0430312 0.00330025 0.00437241 0.608667 0.81703
70_70_70_1 f1 -2.0 2.0 146.467 0.00568832 0.00754815 6.29401e-05 0.000363135 0.081129 0.484638
50_50_1 f1 2.0 2.0 107.316 0.0294923 0.0322106 0.00146426 0.00180155 0.310817 0.340833
70_70_70_1 f1 2.0 2.0 145.314 0.00218508 0.00242482 8.47312e-06 1.12375e-05 0.0345509 0.0357688
50_50_1 f1 -2.0 3.0 102.893 0.0286247 0.0314059 0.00137875 0.00172744 0.263338 0.292616
70_70_70_1 f1 -2.0 3.0 143.155 0.00427654 0.00480651 3.34475e-05 4.41043e-05 0.0402597 0.0559509
50_50_1 f1 -3.0 0.4 99.0602 0.039873 0.0411815 0.00296731 0.00322782 0.388884 0.422417
70_70_70_1 f1 -3.0 0.4 141.605 0.00364868 0.00391045 2.67025e-05 3.27334e-05 0.0425186 0.0536769
50_50_1 f1 3.0 0.4 101.553 0.0335329 0.0347512 0.00190399 0.00205075 0.35135 0.361143
70_70_70_1 f1 3.0 0.4 145.181 0.00166004 0.00175156 5.19861e-06 6.07631e-06 0.0248415 0.0282761
50_50_1 f1 -3.0 0.8 100.764 0.0417446 0.0432659 0.00337329 0.00369897 0.421975 0.434336
70_70_70_1 f1 -3.0 0.8 140.175 0.00439235 0.00479673 3.84893e-05 5.08092e-05 0.0446867 0.0783428
50_50_1 f1 3.0 0.8 100.27 0.0350107 0.0363126 0.00208247 0.00223946 0.357841 0.370985
70_70_70_1 f1 3.0 0.8 146.448 0.00181342 0.00192612 6.14933e-06 7.23276e-06 0.0254785 0.0324584
50_50_1 f1 -3.0 0.0 99.6263 0.0367357 0.0379219 0.00245868 0.00264267 0.320672 0.346218
70_70_70_1 f1 -3.0 0.0 139.226 0.00313828 0.00333685 1.94074e-05 2.28604e-05 0.0360049 0.0396858
50_50_1 f1 3.0 0.0 98.5206 0.0325311 0.0335968 0.00177655 0.00190316 0.368746 0.346202
70_70_70_1 f1 3.0 0.0 155.445 0.00134841 0.00140724 3.67532e-06 4.17493e-06 0.0152034 0.0209906
50_50_1 f1 -3.0 1.2 101.702 0.0443309 0.0459632 0.0040158 0.0043076 0.554474 0.555739
70_70_70_1 f1 -3.0 1.2 142.681 0.00516467 0.00581621 5.26959e-05 8.18069e-05 0.0510662 0.165252
50_50_1 f1 3.0 1.2 100.436 0.0361025 0.0374968 0.00221873 0.0024215 0.342373 0.364728
70_70_70_1 f1 3.0 1.2 148.334 0.00193673 0.00207408 6.92106e-06 8.38701e-06 0.0272735 0.0411652
50_50_1 f1 -3.0 1.6 100.786 0.0498397 0.051966 0.00540836 0.00593665 0.730565 0.794643
70_70_70_1 f1 -3.0 1.6 142.861 0.00629313 0.00765192 7.61565e-05 0.000298577 0.0757137 0.447347
50_50_1 f1 3.0 1.6 101.447 0.0369144 0.0388144 0.00232157 0.00259985 0.379471 0.338635
70_70_70_1 f1 3.0 1.6 153.436 0.00209655 0.0022593 7.90748e-06 9.81718e-06 0.0329016 0.0428808
50_50_1 f1 -3.0 2.4 105.841 0.0380211 0.0436397 0.00274694 0.00352 0.451663 0.451718
70_70_70_1 f1 -3.0 2.4 149.362 0.00561082 0.00644631 5.6967e-05 7.62194e-05 0.0844853 0.0997089
50_50_1 f1 3.0 2.4 103.825 0.0312302 0.0359138 0.00174728 0.00229836 0.320375 0.302658
70_70_70_1 f1 3.0 2.4 154.513 0.00774609 0.00902505 0.000108894 0.000146274 0.0751245 0.0914229
50_50_1 f1 -3.0 2.8 105.497 0.0422602 0.0466699 0.00318587 0.0039617 0.401243 0.476693
70_70_70_1 f1 -3.0 2.8 148.609 0.00521902 0.0058196 5.28949e-05 6.80749e-05 0.0641963 0.0941053
50_50_1 f1 3.0 2.8 102.424 0.0338915 0.0373838 0.00198052 0.00241385 0.344825 0.345427
70_70_70_1 f1 3.0 2.8 155.331 0.00571027 0.00651158 5.97959e-05 8.03243e-05 0.0647847 0.0644621
50_50_1 f1 3.0 2.0 100.578 0.0362831 0.0389708 0.00224702 0.00260724 0.327545 0.339228
70_70_70_1 f1 3.0 2.0 153.029 0.00225905 0.00246812 9.17821e-06 1.14915e-05 0.0400731 0.0475657
50_50_1 f1 -3.0 3.0 102.58 0.0369112 0.0402796 0.00243252 0.00302153 0.366317 0.461407
70_70_70_1 f1 -3.0 3.0 145.248 0.00578443 0.00639496 6.26839e-05 8.1352e-05 0.0620952 0.117672
50_50_1 f1 3.0 3.0 102.002 0.036622 0.0396837 0.0023591 0.00288035 0.362888 0.46301
70_70_70_1 f1 3.0 3.0 156.41 0.00569466 0.00659734 6.43781e-05 0.000101484 0.0653006 0.121819
