layers function psi phi train_time sigma_train sigma_test E_train E_test sigma_max_train sigma_max_test
300_300_300_1 f1 0.0 0.0 130.68 0.000156196 0.000290447 4.27945e-08 1.41017e-07 0.00259641 0.00606345
500_500_500_500_1 f1 0.0 0.0 240.18 0.000420255 0.000674679 2.79093e-07 7.40583e-07 0.00196927 0.00336642
300_300_300_1 f1 0.0 0.4 132.096 0.000280394 0.000667952 1.33963e-07 7.34211e-07 0.00237514 0.00823154
500_500_500_500_1 f1 0.0 0.4 232.345 0.000396356 0.000794038 2.54211e-07 1.03672e-06 0.00184367 0.0037862
300_300_300_1 f1 0.0 0.8 130.943 0.000232061 0.000584117 9.76269e-08 5.75696e-07 0.00187651 0.00803118
500_500_500_500_1 f1 0.0 0.8 229.426 0.000386118 0.000748085 2.46566e-07 9.42945e-07 0.00220648 0.00433769
300_300_300_1 f1 0.0 1.2 128.736 0.000452069 0.00102941 3.40879e-07 1.80455e-06 0.00368597 0.0104869
500_500_500_500_1 f1 0.0 1.2 234.392 0.000372528 0.000743466 2.35235e-07 9.19688e-07 0.00221356 0.00468541
300_300_300_1 f1 0.0 1.6 129.752 0.000448518 0.000893925 3.43675e-07 1.33608e-06 0.00587773 0.013907
500_500_500_500_1 f1 0.0 1.6 135.151 0.000400025 0.000645695 2.73438e-07 6.85364e-07 0.00255807 0.00383371
300_300_300_1 f1 0.0 2.0 136.475 0.000421826 0.000879725 3.45475e-07 1.33263e-06 0.00705025 0.0144834
500_500_500_500_1 f1 0.0 2.0 136.178 0.000383957 0.000636949 2.64876e-07 6.7423e-07 0.0027196 0.00297152
300_300_300_1 f1 0.0 2.4 114.786 0.000585188 0.00191035 1.17979e-06 7.80696e-06 0.0167725 0.0136198
500_500_500_500_1 f1 0.0 2.4 108.6 0.000531093 0.00150089 8.10098e-07 4.02388e-06 0.00778026 0.00812186
300_300_300_1 f1 0.0 2.8 132.361 0.000446438 0.00114606 4.97444e-07 2.22142e-06 0.00908329 0.0129795
300_300_300_1 f1 0.0 3.0 133.617 0.000403218 0.000924257 3.34959e-07 1.42394e-06 0.00931932 0.0107664
300_300_300_1 f1 -1.0 0.0 131.264 0.000150048 0.00121133 4.62002e-08 2.45314e-06 0.00160915 0.0097097
500_500_500_500_1 f1 -1.0 0.0 229.303 0.000125574 0.00108148 3.20785e-08 1.93533e-06 0.00166214 0.00678412
300_300_300_1 f1 1.0 0.0 133.58 0.000138843 0.00107155 3.85427e-08 1.9165e-06 0.00213434 0.0109774
500_500_500_500_1 f1 1.0 0.0 230.798 0.000100427 0.000841124 2.03872e-08 1.17005e-06 0.00094957 0.00426341
300_300_300_1 f1 -1.0 0.4 136.157 0.0001504 0.00114402 4.66018e-08 2.19584e-06 0.00296157 0.0117506
500_500_500_500_1 f1 -1.0 0.4 227.721 0.000122875 0.000961075 3.17209e-08 1.53181e-06 0.00142576 0.00536146
300_300_300_1 f1 1.0 0.4 138.004 0.000143518 0.00109986 4.47612e-08 2.02564e-06 0.00212796 0.0101934
500_500_500_500_1 f1 1.0 0.4 227.629 0.00011148 0.000894591 2.60582e-08 1.34243e-06 0.00101894 0.00476575
300_300_300_1 f1 -1.0 0.8 134.986 0.000137411 0.00112855 4.4214e-08 2.07798e-06 0.00201436 0.00714159
500_500_500_500_1 f1 -1.0 0.8 227.048 0.000107572 0.000876367 2.584e-08 1.25972e-06 0.00128809 0.00526571
300_300_300_1 f1 1.0 0.8 134.128 0.000141169 0.00111204 4.56228e-08 2.09624e-06 0.00198099 0.0105549
500_500_500_500_1 f1 1.0 0.8 227.587 0.000106786 0.000851293 2.5917e-08 1.20828e-06 0.00203653 0.00468522
300_300_300_1 f1 -1.0 1.2 172.145 0.000139263 0.00118019 4.84896e-08 2.34861e-06 0.00235621 0.00654982
500_500_500_500_1 f1 -1.0 1.2 229.431 0.000106681 0.000921455 2.69626e-08 1.41932e-06 0.0013264 0.00539211
300_300_300_1 f1 1.0 1.2 165.784 0.000137182 0.00117521 4.65701e-08 2.27162e-06 0.0026869 0.00659062
500_500_500_500_1 f1 1.0 1.2 227.889 0.000106478 0.000904675 2.74939e-08 1.36059e-06 0.00147314 0.00505634
300_300_300_1 f1 -1.0 1.6 136.325 0.000147599 0.00130509 5.77836e-08 2.94909e-06 0.00319797 0.00852943
500_500_500_500_1 f1 -1.0 1.6 237.959 0.000113194 0.000993916 3.374e-08 1.7478e-06 0.00139712 0.00766125
300_300_300_1 f1 1.0 1.6 135.831 0.000141814 0.00129831 5.54795e-08 2.77838e-06 0.00245002 0.00979589
500_500_500_500_1 f1 1.0 1.6 233.648 0.000111575 0.000926789 3.25104e-08 1.3959e-06 0.0012732 0.00485136
300_300_300_1 f1 -1.0 2.0 135.407 0.00019201 0.00199414 1.13518e-07 7.90715e-06 0.00426379 0.0175663
500_500_500_500_1 f1 -1.0 2.0 234.63 0.000151859 0.00153545 6.98368e-08 4.98177e-06 0.00298426 0.0143673
300_300_300_1 f1 1.0 2.0 133.798 0.000177394 0.00183867 9.82062e-08 6.07156e-06 0.00471304 0.0123549
500_500_500_500_1 f1 1.0 2.0 231.072 0.000144187 0.00142293 6.09941e-08 3.62844e-06 0.00188659 0.0096416
300_300_300_1 f1 -1.0 2.4 131.99 0.000512339 0.00697368 1.02647e-06 9.5037e-05 0.010795 0.041475
500_500_500_500_1 f1 -1.0 2.4 229.879 0.000695805 0.00962553 1.63638e-06 0.000191593 0.0227787 0.0612912
300_300_300_1 f1 1.0 2.4 132.58 0.000505969 0.00755882 9.46387e-07 0.000115733 0.012371 0.0410839
300_300_300_1 f1 -1.0 2.8 135.288 0.000374784 0.00493207 5.05704e-07 4.99469e-05 0.0175719 0.03104
500_500_500_500_1 f1 -1.0 2.8 232.086 0.000371112 0.00399516 4.22472e-07 3.12477e-05 0.00682514 0.0264737
300_300_300_1 f1 1.0 2.8 133.747 0.000357385 0.00476131 4.29966e-07 4.69393e-05 0.00766066 0.036046
300_300_300_1 f1 -1.0 3.0 133.44 0.00022945 0.00263226 1.68296e-07 1.2967e-05 0.00461409 0.0173461
500_500_500_500_1 f1 -1.0 3.0 227.731 0.000208513 0.00218042 1.2846e-07 9.01814e-06 0.00310649 0.0130179
300_300_300_1 f1 1.0 3.0 131.35 0.000227809 0.00260213 1.62319e-07 1.35359e-05 0.00557388 0.0234113
500_500_500_500_1 f1 1.0 3.0 233.987 0.00110134 0.0155708 3.43087e-06 0.000542042 0.014251 0.17229
300_300_300_1 f1 -2.0 0.0 131.545 8.91429e-05 0.00113249 2.01619e-08 2.08616e-06 0.00136683 0.00592685
500_500_500_500_1 f1 -2.0 0.0 232.73 0.000102793 0.0016606 2.57004e-08 4.68779e-06 0.00147643 0.00945804
300_300_300_1 f1 2.0 0.0 134.331 5.67478e-05 0.000622754 7.68098e-09 6.39125e-07 0.000724629 0.0034305
500_500_500_500_1 f1 2.0 0.0 227.782 7.32727e-05 0.0011798 1.30238e-08 2.36777e-06 0.00112215 0.0064988
300_300_300_1 f1 -2.0 0.4 130.1 6.57893e-05 0.000857079 1.20852e-08 1.22398e-06 0.00207238 0.00716014
500_500_500_500_1 f1 -2.0 0.4 233.349 7.96101e-05 0.00121761 1.60961e-08 2.52135e-06 0.00132453 0.00754454
300_300_300_1 f1 2.0 0.4 130.835 5.41097e-05 0.000664778 7.70804e-09 7.48083e-07 0.00114235 0.00396388
500_500_500_500_1 f1 2.0 0.4 227.21 7.64018e-05 0.00116334 1.44713e-08 2.26334e-06 0.00114405 0.00603311
300_300_300_1 f1 -2.0 0.8 130.105 5.02916e-05 0.000756427 8.30521e-09 9.99089e-07 0.00150311 0.00840199
500_500_500_500_1 f1 -2.0 0.8 227.6 7.85546e-05 0.00117417 1.6899e-08 2.38865e-06 0.00124941 0.00833925
300_300_300_1 f1 2.0 0.8 127.703 5.03404e-05 0.000699763 7.59135e-09 8.46314e-07 0.0012555 0.0049897
500_500_500_500_1 f1 2.0 0.8 229.272 7.43001e-05 0.00114438 1.43448e-08 2.25098e-06 0.0011311 0.00670275
300_300_300_1 f1 -2.0 1.2 126.678 0.000156821 0.00242254 6.91401e-08 1.07723e-05 0.00277593 0.0243018
500_500_500_500_1 f1 -2.0 1.2 227.382 8.35802e-05 0.0012324 1.91797e-08 2.65582e-06 0.00159636 0.00977889
300_300_300_1 f1 2.0 1.2 128.154 0.000146287 0.00206146 5.7119e-08 7.18659e-06 0.00275207 0.0130428
500_500_500_500_1 f1 2.0 1.2 230.966 7.91557e-05 0.00117812 1.68864e-08 2.46133e-06 0.00184642 0.00772742
300_300_300_1 f1 -2.0 1.6 128.368 0.000153616 0.00262063 6.98828e-08 1.3106e-05 0.00317531 0.0227034
500_500_500_500_1 f1 -2.0 1.6 232.979 9.81271e-05 0.00148313 2.71681e-08 4.23724e-06 0.001637 0.0121832
300_300_300_1 f1 2.0 1.6 129.511 0.000137329 0.002023 5.63057e-08 7.10661e-06 0.00252579 0.0110007
500_500_500_500_1 f1 2.0 1.6 231.318 8.61215e-05 0.00129309 2.20816e-08 3.0219e-06 0.00152638 0.00907924
300_300_300_1 f1 -2.0 2.0 132.743 0.000209573 0.00398213 1.49833e-07 4.0876e-05 0.00582187 0.0577116
500_500_500_500_1 f1 -2.0 2.0 233.754 0.000140034 0.00250664 6.5623e-08 2.23235e-05 0.00288497 0.0617819
300_300_300_1 f1 2.0 2.0 132.399 0.000172493 0.0025108 9.79464e-08 1.24641e-05 0.00406864 0.0191111
500_500_500_500_1 f1 2.0 2.0 232.915 0.000116561 0.00178904 4.46178e-08 6.75663e-06 0.00209174 0.0167785
300_300_300_1 f1 -2.0 2.4 129.79 0.000376752 0.00566037 4.97278e-07 6.48429e-05 0.0104523 0.0297576
500_500_500_500_1 f1 -2.0 2.4 231.57 0.000693746 0.0102315 1.53243e-06 0.000300259 0.0108992 0.103231
300_300_300_1 f1 2.0 2.4 130.241 0.000325422 0.00420977 3.71554e-07 3.0581e-05 0.00887045 0.0214433
500_500_500_500_1 f1 2.0 2.4 232.18 0.000256265 0.00351215 2.24294e-07 2.49077e-05 0.00491798 0.0203288
300_300_300_1 f1 -2.0 2.8 129.178 0.000295993 0.00572689 3.24843e-07 6.90787e-05 0.0163291 0.0549144
300_300_300_1 f1 2.0 2.8 129.865 0.000284748 0.00593438 2.83059e-07 8.8638e-05 0.006805 0.0620067
500_500_500_500_1 f1 2.0 2.8 232.392 0.000204567 0.0040481 1.39374e-07 3.6825e-05 0.00462295 0.030696
300_300_300_1 f1 -2.0 3.0 133.991 0.000216467 0.00345505 1.71451e-07 2.30106e-05 0.0150344 0.0278705
500_500_500_500_1 f1 -2.0 3.0 233.646 0.00296842 0.0525824 2.53031e-05 0.00597057 0.0729506 0.469476
300_300_300_1 f1 2.0 3.0 134.812 0.000219057 0.00423056 1.62312e-07 5.71073e-05 0.00602581 0.0859455
500_500_500_500_1 f1 2.0 3.0 234.302 0.000147835 0.00259142 7.35215e-08 1.35822e-05 0.00267464 0.0194499
300_300_300_1 f1 3.0 0.0 133.458 0.000126606 0.00215278 3.62145e-08 8.12924e-06 0.00159912 0.0141017
500_500_500_500_1 f1 3.0 0.0 231.599 6.0136e-05 0.00159034 9.33222e-09 4.34719e-06 0.0012292 0.00883204
300_300_300_1 f1 3.0 0.4 154.854 0.000122141 0.00203038 3.5837e-08 6.95229e-06 0.0021842 0.0118149
500_500_500_500_1 f1 3.0 0.4 233.868 6.20315e-05 0.00140336 1.02748e-08 3.38487e-06 0.00110611 0.008991
300_300_300_1 f1 3.0 0.8 134.874 0.00011055 0.00205271 3.45687e-08 7.24274e-06 0.00260511 0.014348
500_500_500_500_1 f1 3.0 0.8 233.413 6.13697e-05 0.00134107 1.12172e-08 3.16343e-06 0.00133331 0.011984
300_300_300_1 f1 3.0 1.2 133.939 0.000107035 0.00206849 3.28558e-08 7.51827e-06 0.00198009 0.0126382
500_500_500_500_1 f1 3.0 1.2 228.866 6.52407e-05 0.0013924 1.27192e-08 3.33979e-06 0.00146088 0.00745768
300_300_300_1 f1 3.0 1.6 133.01 0.000110818 0.002182 3.79392e-08 8.45622e-06 0.00242897 0.0184167
500_500_500_500_1 f1 3.0 1.6 234.588 7.13961e-05 0.00142404 1.61139e-08 3.67299e-06 0.00142939 0.00953756
300_300_300_1 f1 3.0 2.0 133.988 0.000135718 0.00258444 6.19618e-08 1.20582e-05 0.00293595 0.0159406
500_500_500_500_1 f1 3.0 2.0 229.209 8.90701e-05 0.00167175 2.69502e-08 5.10803e-06 0.0020024 0.010147
300_300_300_1 f1 3.0 2.4 130.77 0.000249617 0.00354446 2.21782e-07 2.23693e-05 0.00496361 0.0174394
500_500_500_500_1 f1 3.0 2.4 229.96 0.000173493 0.00266573 1.00143e-07 1.5089e-05 0.00383638 0.0243538
300_300_300_1 f1 3.0 2.8 134.583 0.000190573 0.00417237 1.30555e-07 3.20321e-05 0.0053219 0.0282777
500_500_500_500_1 f1 3.0 2.8 230.374 0.000133527 0.00280698 5.9773e-08 1.58636e-05 0.00270992 0.0188867
300_300_300_1 f1 3.0 3.0 134.403 0.000162263 0.00353025 9.18956e-08 2.46722e-05 0.00486111 0.0345804
500_500_500_500_1 f1 3.0 3.0 231.127 0.000110941 0.00224433 4.03868e-08 1.2187e-05 0.00230494 0.0334353
