layers function psi phi train_time sigma_train sigma_test E_train E_test sigma_max_train sigma_max_test
300_300_300_1 f1 0.0 0.4 3441.69 0.00135186 0.00171226 2.92917e-06 4.81167e-06 0.0126069 0.0256321
500_500_500_500_1 f1 0.0 0.4 6996.12 0.00131178 0.00133936 2.68683e-06 2.81485e-06 0.00809941 0.0159805
300_300_300_1 f1 0.0 0.8 3238.97 0.00105483 0.00157792 1.77115e-06 4.20491e-06 0.0123445 0.022471
500_500_500_500_1 f1 0.0 0.8 6942.63 0.0014793 0.00150378 3.39849e-06 3.51974e-06 0.00761456 0.015563
300_300_300_1 f1 0.0 0.0 3250.08 0.00118057 0.00155365 2.17989e-06 3.86788e-06 0.00922662 0.0249318
500_500_500_500_1 f1 0.0 0.0 7008.06 0.00126816 0.00131807 2.46731e-06 2.6627e-06 0.00629855 0.00592604
300_300_300_1 f1 0.0 1.2 5330.97 0.00152428 0.0015975 3.71331e-06 4.11237e-06 0.0324503 0.0366395
500_500_500_500_1 f1 0.0 1.2 7072.78 0.00140166 0.00143501 3.05546e-06 3.21371e-06 0.00812082 0.00910903
300_300_300_1 f1 0.0 1.6 5279.12 0.00137882 0.00145393 3.02828e-06 3.39176e-06 0.033454 0.0396769
500_500_500_500_1 f1 0.0 1.6 6960.35 0.00154439 0.0015708 3.64791e-06 3.77151e-06 0.00867488 0.00793652
300_300_300_1 f1 0.0 2.4 5383.42 0.00569004 0.00569822 5.32601e-05 5.23609e-05 0.0469153 0.0362729
500_500_500_500_1 f1 0.0 2.4 6977.32 0.00607746 0.00605491 6.48165e-05 6.50876e-05 0.0518835 0.0714716
300_300_300_1 f1 0.0 2.8 5435.23 0.00220495 0.00227317 7.88397e-06 8.48016e-06 0.0345965 0.0375498
500_500_500_500_1 f1 0.0 2.8 6937.45 1.99342 2.15349 696.258 1277.32 2162.53 3139.98
300_300_300_1 f1 0.0 2.0 5446.29 0.00197964 0.00203384 6.29455e-06 6.66552e-06 0.0402079 0.0413744
500_500_500_500_1 f1 0.0 2.0 7033.92 0.00156177 0.00160043 3.95801e-06 4.16479e-06 0.00813286 0.00900793
300_300_300_1 f1 0.0 3.0 5407.17 0.00142497 0.00146841 3.34057e-06 3.59515e-06 0.0408798 0.0374202
500_500_500_500_1 f1 0.0 3.0 7000.6 1.98204 1.99443 2142.12 4638.96 10690.8 16515
300_300_300_1 f1 -1.0 0.4 5405.61 0.00160374 0.00181617 4.18627e-06 5.43599e-06 0.0257716 0.0207303
500_500_500_500_1 f1 -1.0 0.4 7171.72 0.00158208 0.00180997 4.12474e-06 5.47927e-06 0.0120715 0.0126774
300_300_300_1 f1 1.0 0.4 5461.9 0.00166477 0.00188093 4.39807e-06 5.73945e-06 0.0279137 0.0232875
500_500_500_500_1 f1 1.0 0.4 7157.18 0.00177187 0.00194639 4.94134e-06 6.05847e-06 0.011623 0.0124236
300_300_300_1 f1 -1.0 0.8 5472.54 0.00167942 0.00198132 4.58094e-06 6.55869e-06 0.0205685 0.0187428
500_500_500_500_1 f1 -1.0 0.8 7740.88 0.00165531 0.00193596 4.38207e-06 6.19205e-06 0.0107167 0.0172275
300_300_300_1 f1 1.0 0.8 5433.23 0.00158544 0.00191708 4.06773e-06 6.21855e-06 0.020797 0.0219014
500_500_500_500_1 f1 1.0 0.8 7737.62 0.00160101 0.00179864 4.12678e-06 5.34232e-06 0.00942522 0.0145425
300_300_300_1 f1 -1.0 0.0 5852.52 0.00140564 0.00158616 3.20241e-06 4.18412e-06 0.0194727 0.0211294
500_500_500_500_1 f1 -1.0 0.0 6931.32 0.0015572 0.00172313 3.91609e-06 4.91995e-06 0.00964468 0.0137717
300_300_300_1 f1 1.0 0.0 5651.3 0.0014604 0.00163169 3.43708e-06 4.35441e-06 0.0152008 0.0166974
500_500_500_500_1 f1 1.0 0.0 7235.88 0.00153825 0.00169244 3.73579e-06 4.62781e-06 0.00865076 0.0113044
300_300_300_1 f1 -1.0 1.2 5452.72 0.0018422 0.00216476 5.5919e-06 7.81921e-06 0.0168362 0.0161588
500_500_500_500_1 f1 -1.0 1.2 7219.53 0.00168081 0.00198178 4.50556e-06 6.55631e-06 0.00912039 0.0213597
300_300_300_1 f1 1.0 1.2 5429.49 0.00182409 0.0021611 5.4377e-06 7.91461e-06 0.0163938 0.020328
500_500_500_500_1 f1 1.0 1.2 7300.57 0.00180337 0.00200609 5.2949e-06 6.65107e-06 0.0135049 0.0138556
300_300_300_1 f1 -1.0 1.6 5424.76 0.00209088 0.00247 7.24369e-06 1.07054e-05 0.0263644 0.0288711
500_500_500_500_1 f1 -1.0 1.6 7217.06 0.00194165 0.0023078 6.1291e-06 9.31824e-06 0.0124154 0.0214221
300_300_300_1 f1 1.0 1.6 5458.53 0.00230619 0.00262684 8.53695e-06 1.14206e-05 0.0179785 0.0176633
500_500_500_500_1 f1 1.0 1.6 7181.15 0.00177665 0.00205185 5.29054e-06 7.32543e-06 0.0126578 0.0153335
300_300_300_1 f1 -1.0 2.4 6324.62 0.0100775 0.0230725 0.000203557 0.00207358 0.0938873 0.362515
500_500_500_500_1 f1 -1.0 2.4 7207.39 0.0113827 0.0222252 0.000259588 0.00171323 0.137271 0.348749
300_300_300_1 f1 1.0 2.4 5536.2 0.0104192 0.0204082 0.000216521 0.00114277 0.112237 0.261411
500_500_500_500_1 f1 1.0 2.4 7138.31 1.99272 1.9931 6055.83 4041.09 17706.4 13077.7
300_300_300_1 f1 -1.0 2.8 7177.62 0.00540289 0.00769948 5.62015e-05 0.000136509 0.0556256 0.0862643
500_500_500_500_1 f1 -1.0 2.8 7289.1 0.00545932 0.00698761 5.57074e-05 0.000100594 0.0577268 0.0726527
300_300_300_1 f1 1.0 2.8 7188.81 0.00555047 0.00883139 6.23474e-05 0.000251852 0.0753299 0.247606
500_500_500_500_1 f1 1.0 2.8 7201.38 1.98187 1.99312 1318.32 6235.92 7791.14 14896.7
300_300_300_1 f1 -1.0 2.0 5556.58 0.00308349 0.00383364 1.77579e-05 3.11843e-05 0.033666 0.0761091
500_500_500_500_1 f1 -1.0 2.0 7159.86 0.0026741 0.00336395 1.32624e-05 2.50603e-05 0.0224239 0.0525849
300_300_300_1 f1 1.0 2.0 5481.72 0.00294938 0.00376491 1.4961e-05 2.79915e-05 0.0304004 0.0394391
500_500_500_500_1 f1 1.0 2.0 7226.53 0.00274821 0.00321482 1.31594e-05 1.97834e-05 0.0210086 0.0305467
300_300_300_1 f1 -1.0 3.0 5717.64 0.00297916 0.00407211 1.60118e-05 3.40709e-05 0.0338791 0.0538138
500_500_500_500_1 f1 -1.0 3.0 7367.35 0.00290873 0.00356174 1.45681e-05 2.40041e-05 0.0271116 0.0372491
300_300_300_1 f1 1.0 3.0 6384.01 0.00338217 0.0045376 2.05488e-05 4.43407e-05 0.0329393 0.0595928
500_500_500_500_1 f1 1.0 3.0 7185.38 0.00983083 0.0108797 0.000192278 0.000252641 0.118602 0.150082
300_300_300_1 f1 -2.0 0.4 3381.86 0.00199824 0.00594289 6.63239e-06 7.57708e-05 0.0127415 0.0779174
500_500_500_500_1 f1 -2.0 0.4 6973.58 0.00188322 0.00239938 5.7146e-06 9.8921e-06 0.0152143 0.0192511
300_300_300_1 f1 2.0 0.4 3416.83 0.00167221 0.00430644 4.67102e-06 3.5589e-05 0.012489 0.0436432
500_500_500_500_1 f1 2.0 0.4 7046.27 0.0017925 0.00214969 5.16362e-06 7.81034e-06 0.0104374 0.0175884
300_300_300_1 f1 -2.0 0.8 3353.82 0.00194393 0.00739296 6.51163e-06 0.000126557 0.015082 0.091928
500_500_500_500_1 f1 -2.0 0.8 6968.84 0.00180381 0.00234172 5.59658e-06 1.01152e-05 0.0149915 0.0247441
300_300_300_1 f1 2.0 0.8 3223.79 0.00209135 0.00554543 7.16728e-06 6.00992e-05 0.0144557 0.0518684
500_500_500_500_1 f1 2.0 0.8 7074.43 0.00194793 0.0023381 6.28235e-06 9.53749e-06 0.0207431 0.0255779
300_300_300_1 f1 -2.0 0.0 3206.55 0.00226925 0.00498633 8.3182e-06 5.11608e-05 0.0124562 0.0671574
500_500_500_500_1 f1 -2.0 0.0 7109.41 0.00215376 0.00275839 7.50217e-06 1.33313e-05 0.0157746 0.0241129
300_300_300_1 f1 2.0 0.0 3231.29 0.0020219 0.00328833 6.80813e-06 1.93268e-05 0.0113784 0.0307992
500_500_500_500_1 f1 2.0 0.0 7009.69 0.001837 0.00213876 5.55261e-06 7.84706e-06 0.0135589 0.016529
300_300_300_1 f1 -2.0 1.2 5296.44 0.00273796 0.00353481 1.36216e-05 2.41758e-05 0.05087 0.0645453
500_500_500_500_1 f1 -2.0 1.2 6978.52 0.00220548 0.0027744 8.29551e-06 1.45063e-05 0.0188054 0.0348579
300_300_300_1 f1 2.0 1.2 5382.16 0.00267107 0.00323217 1.21859e-05 1.86144e-05 0.020202 0.0298309
500_500_500_500_1 f1 2.0 1.2 7062.43 0.00201543 0.00240569 6.85261e-06 1.01831e-05 0.0183455 0.024673
300_300_300_1 f1 -2.0 1.6 5427.49 0.00319958 0.00433247 2.16092e-05 5.13689e-05 0.0694114 0.146918
500_500_500_500_1 f1 -2.0 1.6 7002.45 0.00258748 0.00350268 1.24504e-05 3.34564e-05 0.0373741 0.109908
300_300_300_1 f1 2.0 1.6 5442.95 0.0027704 0.00352411 1.30232e-05 2.32314e-05 0.0262524 0.0525756
500_500_500_500_1 f1 2.0 1.6 6907.52 0.00244907 0.00287684 1.0222e-05 1.46779e-05 0.0220847 0.0278167
300_300_300_1 f1 -2.0 2.4 5534.38 0.00769905 0.0152687 0.000112295 0.000735289 0.0681785 0.21672
500_500_500_500_1 f1 -2.0 2.4 6977.08 0.0043212 0.0183736 3.84031e-05 0.00175742 0.0518273 0.705333
300_300_300_1 f1 2.0 2.4 5488.65 0.00628384 0.0116302 7.79221e-05 0.000472197 0.0639498 0.181055
500_500_500_500_1 f1 2.0 2.4 7014.47 0.00629956 0.0105537 7.41311e-05 0.000376271 0.0460423 0.162991
300_300_300_1 f1 -2.0 2.8 5342.47 0.00559654 0.00844047 6.1737e-05 0.000177982 0.0650859 0.169275
500_500_500_500_1 f1 -2.0 2.8 6955.23 1.99893 1.99843 11305.6 13805.5 54098.8 39732.8
300_300_300_1 f1 2.0 2.8 5347.85 0.00625281 0.0103725 8.90055e-05 0.000375732 0.088383 0.231404
500_500_500_500_1 f1 2.0 2.8 6940.5 0.00593858 0.00941225 8.24691e-05 0.000363041 0.124079 0.276057
300_300_300_1 f1 -2.0 2.0 5333.65 0.00535815 0.00880386 0.00012704 0.000677896 0.360895 0.625051
500_500_500_500_1 f1 -2.0 2.0 6957.66 0.00432723 0.00716461 6.35144e-05 0.000552284 0.131184 0.587107
300_300_300_1 f1 2.0 2.0 5435.52 0.00339085 0.00462441 2.18353e-05 4.58417e-05 0.0438642 0.0542157
500_500_500_500_1 f1 2.0 2.0 6971.15 0.00367593 0.00441634 2.40682e-05 3.84352e-05 0.0338187 0.0524628
300_300_300_1 f1 -2.0 3.0 5378.68 0.00379296 0.00580651 2.61881e-05 8.08988e-05 0.0367471 0.0989854
500_500_500_500_1 f1 -2.0 3.0 7142.33 0.117713 0.119535 0.0237491 0.0244792 1.18636 1.18774
300_300_300_1 f1 2.0 3.0 5380.06 0.00485433 0.00873238 5.76649e-05 0.00038885 0.107455 0.41534
500_500_500_500_1 f1 2.0 3.0 7041.54 0.00433039 0.00770971 3.94219e-05 0.000350734 0.0607576 0.407108
300_300_300_1 f1 3.0 0.4 5498.28 0.00273327 0.00322163 1.24375e-05 1.78342e-05 0.0189244 0.0318487
500_500_500_500_1 f1 3.0 0.4 6985.57 0.00219615 0.00265975 8.02216e-06 1.2599e-05 0.0183106 0.0320037
300_300_300_1 f1 3.0 0.8 5392.92 0.00249753 0.0031836 1.07283e-05 1.84133e-05 0.0232016 0.0459541
500_500_500_500_1 f1 3.0 0.8 7535.32 0.0022058 0.00267709 8.27157e-06 1.27281e-05 0.020251 0.0276441
300_300_300_1 f1 3.0 0.0 5837.93 0.00235313 0.00279576 9.52128e-06 1.38084e-05 0.0181506 0.028248
500_500_500_500_1 f1 3.0 0.0 6936.83 0.00256472 0.00290532 1.07744e-05 1.43854e-05 0.0171544 0.0248201
300_300_300_1 f1 3.0 1.2 5424.78 0.00241447 0.00324228 1.01241e-05 2.03987e-05 0.0237188 0.0599993
500_500_500_500_1 f1 3.0 1.2 7353.47 0.00243289 0.00293981 1.00163e-05 1.50269e-05 0.0241556 0.0258118
300_300_300_1 f1 3.0 1.6 5392.76 0.00258754 0.00360341 1.16269e-05 2.50606e-05 0.0271291 0.0638031
500_500_500_500_1 f1 3.0 1.6 7354.52 0.00242276 0.00303825 9.8542e-06 1.66835e-05 0.0203249 0.0304534
300_300_300_1 f1 3.0 2.4 6813.52 0.00522194 0.00955672 5.23201e-05 0.000347315 0.0569759 0.195578
500_500_500_500_1 f1 3.0 2.4 6899.68 0.00497649 0.00776163 4.86485e-05 0.000209946 0.0570916 0.170762
300_300_300_1 f1 3.0 2.8 6997.9 0.00455814 0.00701355 3.63867e-05 0.0001187 0.0391999 0.13885
500_500_500_500_1 f1 3.0 2.8 7268.7 0.0038093 0.00546305 2.72643e-05 7.64291e-05 0.0329021 0.104649
300_300_300_1 f1 3.0 2.0 5407.67 0.00317557 0.00438424 1.74772e-05 3.72016e-05 0.0304318 0.0507641
500_500_500_500_1 f1 3.0 2.0 7070.74 0.00285665 0.00354035 1.45808e-05 2.39765e-05 0.0302376 0.0389343
300_300_300_1 f1 3.0 3.0 5481.64 0.00423587 0.00662784 3.56066e-05 0.000134357 0.0717784 0.204302
500_500_500_500_1 f1 3.0 3.0 7310.56 0.00372927 0.00553582 2.81361e-05 9.20727e-05 0.0558412 0.164235
300_300_300_1 f2 0.0 0.4 5568.86 0.00286252 0.00346703 1.34593e-05 2.05355e-05 0.0319873 0.0469569
300_300_300_1 f2 0.0 0.8 5454.66 0.00447308 0.00594622 3.73408e-05 7.85698e-05 0.0920013 0.162204
300_300_300_1 f2 0.0 0.0 5557.63 0.00128106 0.00141054 2.59408e-06 3.16851e-06 0.0337361 0.0268962
300_300_300_1 f2 0.0 1.2 5427.12 0.0050523 0.00783577 5.02161e-05 0.000249901 0.142076 0.372791
300_300_300_1 f2 0.0 1.6 5412.86 0.00530218 0.00804947 6.08315e-05 0.000180589 0.213903 0.318434
300_300_300_1 f2 0.0 2.4 5444.81 0.00475271 0.00831221 4.85431e-05 0.000247359 0.155268 0.34456
300_300_300_1 f2 0.0 2.8 5415.33 0.00428221 0.00800383 3.6293e-05 0.000215735 0.122629 0.261871
300_300_300_1 f2 0.0 2.0 5400.85 0.00511991 0.00854053 5.44735e-05 0.000254874 0.125043 0.318797
300_300_300_1 f2 0.0 3.0 5496.82 0.00447321 0.0081038 4.17272e-05 0.000230185 0.114142 0.309225
300_300_300_1 f2 -2.0 0.4 5447.39 0.00306545 0.0040827 1.67657e-05 3.40876e-05 0.0504455 0.0936864
300_300_300_1 f2 2.0 0.4 5393.16 0.00295593 0.00385251 1.47567e-05 3.14468e-05 0.0613861 0.168908
300_300_300_1 f2 -2.0 0.8 5394.82 0.00438989 0.00631852 4.05337e-05 0.000109922 0.188412 0.242584
300_300_300_1 f2 2.0 0.8 5500.03 0.00411745 0.00575579 3.02385e-05 7.21934e-05 0.0550467 0.13414
300_300_300_1 f2 -2.0 0.0 5422.21 0.00238261 0.00272596 9.44153e-06 1.26296e-05 0.0197295 0.0225893
300_300_300_1 f2 2.0 0.0 5397.74 0.00201098 0.00226808 6.54782e-06 8.57725e-06 0.014982 0.0197687
300_300_300_1 f2 -2.0 1.2 5407.17 0.00470541 0.00709239 4.31924e-05 0.000133756 0.105121 0.280821
300_300_300_1 f2 2.0 1.2 5509.56 0.00501678 0.00732565 4.61129e-05 0.000132643 0.0808473 0.226512
300_300_300_1 f2 -2.0 1.6 5358.23 0.00459376 0.00745347 3.94082e-05 0.000180471 0.0878968 0.313648
300_300_300_1 f2 2.0 1.6 5435.59 0.00521884 0.00829525 5.5223e-05 0.000192457 0.128001 0.204067
300_300_300_1 f2 -2.0 2.4 5475.11 0.00435557 0.00794095 3.70494e-05 0.000241462 0.139058 0.309498
300_300_300_1 f2 2.0 2.4 5394.94 0.00507339 0.00866283 5.69936e-05 0.00022273 0.129306 0.21807
300_300_300_1 f2 -2.0 2.8 5493.06 0.0042076 0.00786137 3.61382e-05 0.0002333 0.108553 0.412795
300_300_300_1 f2 2.0 2.8 5500.56 0.00485132 0.00868736 6.3633e-05 0.000287604 0.197849 0.421197
300_300_300_1 f2 -2.0 2.0 5432.09 0.00429665 0.00761737 3.66447e-05 0.000192141 0.148337 0.32039
300_300_300_1 f2 2.0 2.0 5435.96 0.00517798 0.00879416 5.61761e-05 0.000247833 0.108424 0.291724
300_300_300_1 f2 -2.0 3.0 5552.97 0.00402468 0.00781785 3.09232e-05 0.000250521 0.0951305 0.41664
300_300_300_1 f2 2.0 3.0 5564.07 0.00441184 0.00853204 4.96448e-05 0.000363262 0.185538 0.542809
