layers function psi phi train_time sigma_train sigma_test E_train E_test sigma_max_train sigma_max_test
50_50_1 f1 -1.0 0.4 5752.95 0.0145682 0.0147604 0.0003872 0.000395982 0.254106 0.243298
70_70_70_1 f1 -1.0 0.4 6236.4 0.00171613 0.00173511 4.96241e-06 5.10332e-06 0.0391995 0.0379005
50_50_1 f1 -1.0 0.8 5584.24 0.0158666 0.0160451 0.000465309 0.000475356 0.252153 0.250618
70_70_70_1 f1 -1.0 0.8 6198.7 0.00184761 0.0018664 5.89302e-06 6.02484e-06 0.0352822 0.0348199
50_50_1 f1 -1.0 0.0 5602.47 0.0133621 0.013476 0.000319864 0.000324878 0.258051 0.251327
70_70_70_1 f1 -1.0 0.0 6238.79 0.00134395 0.00135702 3.13467e-06 3.20836e-06 0.0353892 0.0370881
50_50_1 f1 -1.0 1.2 5668.62 0.015804 0.0160524 0.000462432 0.000475773 0.265851 0.250464
70_70_70_1 f1 -1.0 1.2 6173.8 0.00185524 0.00187461 6.14468e-06 6.29396e-06 0.0317205 0.0368026
50_50_1 f1 -1.0 1.6 5863.8 0.0180553 0.0182849 0.000607705 0.000624446 0.298302 0.238812
70_70_70_1 f1 -1.0 1.6 6294.02 0.00247675 0.00250449 1.04314e-05 1.07262e-05 0.0348923 0.0303703
50_50_1 f1 -1.0 2.4 5670.78 0.0410189 0.046574 0.00394212 0.00545359 0.595084 0.697641
70_70_70_1 f1 -1.0 2.4 6260.06 0.0125082 0.0151696 0.000353703 0.000738518 0.21038 0.444958
50_50_1 f1 -1.0 2.8 5721.05 0.0286826 0.0299052 0.0016114 0.00175728 0.293962 0.327006
70_70_70_1 f1 -1.0 2.8 6277.74 0.0121954 0.0132616 0.000355892 0.000442838 0.205858 0.217052
50_50_1 f1 -1.0 2.0 5811.92 0.0185211 0.0187526 0.000737659 0.000746763 0.264003 0.272053
70_70_70_1 f1 -1.0 2.0 6095 0.00354678 0.00363165 2.44822e-05 2.60004e-05 0.0485811 0.0493276
50_50_1 f1 -1.0 3.0 5766.33 0.0197255 0.020215 0.000696936 0.000735041 0.263013 0.242142
70_70_70_1 f1 -1.0 3.0 6399.6 0.00426436 0.00436537 3.20142e-05 3.41089e-05 0.0505529 0.0565906
50_50_1 f1 -2.0 0.4 7582.64 0.0264335 0.0268355 0.00136769 0.00140287 0.295283 0.318018
70_70_70_1 f1 -2.0 0.4 8453.28 0.00270276 0.00275193 1.43226e-05 1.48756e-05 0.0379887 0.0431354
50_50_1 f1 -2.0 0.8 7727.57 0.0283523 0.0288333 0.00161085 0.00166284 0.292759 0.335327
70_70_70_1 f1 -2.0 0.8 8327.09 0.00319898 0.00326618 2.02546e-05 2.12299e-05 0.0404217 0.0426674
50_50_1 f1 -2.0 0.0 7599.91 0.0239918 0.0243265 0.00108972 0.00111377 0.318398 0.29016
70_70_70_1 f1 -2.0 0.0 8250.71 0.00230229 0.00234122 9.903e-06 1.03721e-05 0.0289307 0.0294556
50_50_1 f1 -2.0 1.2 7075.23 0.0294887 0.0299519 0.00178258 0.00183844 0.355692 0.334466
70_70_70_1 f1 -2.0 1.2 6172.44 0.00375194 0.0038294 2.8661e-05 3.01268e-05 0.0487768 0.0554646
50_50_1 f1 -2.0 1.6 5664.7 0.0337134 0.0343441 0.00255594 0.00262535 0.453728 0.440286
70_70_70_1 f1 -2.0 1.6 6197.46 0.00487121 0.00497007 5.48313e-05 5.71644e-05 0.108838 0.117242
50_50_1 f1 -2.0 2.4 5622.42 0.376598 0.377699 0.372404 0.370404 28.5744 27.8531
70_70_70_1 f1 -2.0 2.4 6274.3 0.00756859 0.00777293 0.000105994 0.000112538 0.0746871 0.0660497
50_50_1 f1 -2.0 2.8 5740.62 0.0388922 0.0401193 0.00282434 0.00303353 0.380854 0.453199
70_70_70_1 f1 -2.0 2.8 6662.86 0.0134138 0.0140441 0.000369602 0.00041789 0.142613 0.18435
50_50_1 f1 -2.0 2.0 5831.06 0.0394545 0.0399476 0.00462661 0.00449998 0.830336 0.870137
70_70_70_1 f1 -2.0 2.0 6209.92 0.00944327 0.00934114 0.000430328 0.000354851 0.481845 0.44578
50_50_1 f1 -2.0 3.0 5679.25 0.0310226 0.0316505 0.00178456 0.00185785 0.349879 0.361261
70_70_70_1 f1 -2.0 3.0 6196.6 0.00641572 0.00654466 7.53347e-05 7.83218e-05 0.0807603 0.0732447
50_50_1 f1 -3.0 0.4 5632.56 0.0390275 0.0396568 0.00336856 0.00345411 0.447571 0.44378
70_70_70_1 f1 -3.0 0.4 6103.29 0.00457647 0.00468806 4.6094e-05 4.84999e-05 0.0867267 0.0894025
50_50_1 f1 -3.0 0.8 5595.31 0.0407183 0.0413406 0.0038756 0.00395629 0.507325 0.494969
70_70_70_1 f1 -3.0 0.8 6157.8 0.00531629 0.00545128 6.94378e-05 7.36113e-05 0.112608 0.135525
50_50_1 f1 -3.0 0.0 5762.24 0.0361801 0.0367191 0.00284141 0.00289939 0.377523 0.371048
70_70_70_1 f1 -3.0 0.0 6152.87 0.00384173 0.00391135 3.06719e-05 3.18974e-05 0.058785 0.0555846
50_50_1 f1 -3.0 1.2 5435.86 0.0423668 0.0430873 0.00465865 0.00475757 0.652705 0.678254
70_70_70_1 f1 -3.0 1.2 6205.26 0.00618896 0.00634577 0.00012118 0.000128067 0.258741 0.259696
50_50_1 f1 -3.0 1.6 5575.5 0.0472206 0.0476533 0.00612674 0.00595409 0.859443 0.857279
70_70_70_1 f1 -3.0 1.6 6275.21 0.00826246 0.00819589 0.000375017 0.000290499 0.539386 0.591902
50_50_1 f1 -3.0 2.4 5752.49 0.0417328 0.0435946 0.00356907 0.00391393 0.487621 0.531589
70_70_70_1 f1 -3.0 2.4 6187.47 0.0087685 0.00883006 0.00015489 0.000158127 0.137334 0.148615
50_50_1 f1 -3.0 2.8 5874.26 0.0443852 0.0455495 0.00385719 0.00402398 0.513715 0.493386
70_70_70_1 f1 -3.0 2.8 7768.75 0.0075699 0.00769155 0.000109629 0.000112966 0.11357 0.0986363
50_50_1 f1 -3.0 3.0 7714.75 0.0394257 0.0402241 0.00303082 0.00312659 0.50788 0.473964
70_70_70_1 f1 -3.0 3.0 8309.3 0.00798545 0.00817105 0.000124185 0.000129205 0.161902 0.121682
50_50_1 f1 0.0 0.4 5815.82 0.00645435 0.0065069 0.00010006 0.0001016 0.247367 0.257376
70_70_70_1 f1 0.0 0.4 7331.01 0.00106607 0.00107261 1.89297e-06 1.92467e-06 0.0376459 0.0389207
50_50_1 f1 0.0 0.8 7788.63 0.007136 0.00717108 0.000114616 0.00011593 0.243659 0.253313
70_70_70_1 f1 0.0 0.8 8485.12 0.00110539 0.00111057 2.10839e-06 2.13876e-06 0.0409304 0.0440001
50_50_1 f1 0.0 0.0 6031.98 0.00587748 0.00593641 9.10958e-05 9.29197e-05 0.262829 0.260026
70_70_70_1 f1 0.0 0.0 6197.49 0.00105145 0.00105545 1.84994e-06 1.87652e-06 0.0430721 0.0458567
50_50_1 f1 0.0 1.2 7622.18 0.00710964 0.00714036 0.000115725 0.000116622 0.256251 0.258191
70_70_70_1 f1 0.0 1.2 8279.95 0.00121422 0.00122296 2.47736e-06 2.52891e-06 0.0395134 0.0592518
50_50_1 f1 0.0 1.6 7637.83 0.00655119 0.00657787 0.000103235 0.000104254 0.266612 0.252067
70_70_70_1 f1 0.0 1.6 8575.41 0.00167534 0.00167588 4.43172e-06 4.42963e-06 0.0393988 0.038687
50_50_1 f1 0.0 2.4 7232.75 0.0105741 0.0109516 0.000242537 0.000255949 0.269287 0.2672
70_70_70_1 f1 0.0 2.4 6251.58 0.00474422 0.00481621 4.04523e-05 4.15993e-05 0.0380829 0.0390412
50_50_1 f1 0.0 2.8 5577.35 0.00886068 0.0089896 0.000155805 0.000160374 0.263102 0.254124
70_70_70_1 f1 0.0 2.8 6276.62 0.00189816 0.00190103 5.75238e-06 5.80458e-06 0.03916 0.0401907
50_50_1 f1 0.0 2.0 7670.58 0.00599653 0.00607665 8.83489e-05 9.0648e-05 0.261469 0.245679
70_70_70_1 f1 0.0 2.0 8279.9 0.00194562 0.00193914 6.25036e-06 6.19902e-06 0.0377369 0.0354234
50_50_1 f1 0.0 3.0 5739.75 0.00831616 0.00836178 0.000137472 0.000139051 0.255802 0.235883
70_70_70_1 f1 0.0 3.0 6265.81 0.00159021 0.00159347 4.06168e-06 4.09326e-06 0.0401223 0.0405602
50_50_1 f1 1.0 0.4 5762.01 0.0142071 0.0143717 0.000369361 0.000377808 0.262758 0.263344
70_70_70_1 f1 1.0 0.4 6230.55 0.00157046 0.00158089 4.09648e-06 4.17908e-06 0.0368673 0.0420982
50_50_1 f1 1.0 0.8 5946.56 0.0152177 0.0154421 0.00042091 0.000432537 0.238207 0.252122
70_70_70_1 f1 1.0 0.8 6152.89 0.00185053 0.00185978 5.6814e-06 5.74179e-06 0.0412207 0.046193
50_50_1 f1 1.0 0.0 5702.09 0.0133892 0.0135478 0.000321393 0.000327929 0.251019 0.236489
70_70_70_1 f1 1.0 0.0 6154.39 0.00147877 0.00149117 3.56819e-06 3.63015e-06 0.0336075 0.0379097
50_50_1 f1 1.0 1.2 5748.74 0.0160856 0.0163108 0.000467896 0.000478882 0.269949 0.258618
70_70_70_1 f1 1.0 1.2 6215.79 0.00186203 0.0018846 5.79639e-06 5.94768e-06 0.0380927 0.0387815
50_50_1 f1 1.0 1.6 5740.81 0.0169767 0.0171706 0.000519858 0.000530678 0.261246 0.254996
70_70_70_1 f1 1.0 1.6 6272.01 0.0019607 0.00198669 6.56512e-06 6.74617e-06 0.0348912 0.0310199
50_50_1 f1 1.0 2.4 5669.44 0.0439283 0.0470374 0.00374315 0.00437269 0.44024 0.468043
70_70_70_1 f1 1.0 2.4 6483.38 0.0395819 0.0430473 0.0029607 0.00357442 0.314458 0.414589
50_50_1 f1 1.0 2.8 5631.64 0.0269401 0.0271863 0.00161895 0.00158997 0.394227 0.329725
70_70_70_1 f1 1.0 2.8 6465.44 0.0070288 0.00721039 0.000110221 0.000116251 0.154759 0.12853
50_50_1 f1 1.0 2.0 5544.93 0.0189632 0.0192101 0.000667967 0.000681719 0.267048 0.252474
70_70_70_1 f1 1.0 2.0 6103.06 0.00301276 0.00303855 1.57209e-05 1.59677e-05 0.0365544 0.0354896
50_50_1 f1 1.0 3.0 5546.59 0.0201157 0.0204656 0.000786401 0.000817347 0.253181 0.248036
70_70_70_1 f1 1.0 3.0 6261.56 0.0045699 0.00471241 3.92543e-05 4.27403e-05 0.0516752 0.0500401
50_50_1 f1 2.0 0.4 5830.05 0.0247899 0.0251225 0.00109837 0.00112403 0.281194 0.283002
70_70_70_1 f1 2.0 0.4 7310.49 0.00221536 0.00223098 8.54531e-06 8.71508e-06 0.0281561 0.0291929
50_50_1 f1 2.0 0.8 7935.46 0.0264944 0.0268453 0.00128368 0.00131198 0.331118 0.357761
70_70_70_1 f1 2.0 0.8 8400.7 0.00230526 0.00233285 9.66718e-06 9.99411e-06 0.0303167 0.0400869
50_50_1 f1 2.0 0.0 5787.82 0.0237322 0.0239651 0.0010018 0.00101532 0.339571 0.290397
70_70_70_1 f1 2.0 0.0 6254.85 0.00158447 0.00160038 4.51845e-06 4.60952e-06 0.0283193 0.0279441
50_50_1 f1 2.0 1.2 7688.56 0.0287416 0.028995 0.001497 0.00151742 0.329519 0.33174
70_70_70_1 f1 2.0 1.2 8536.19 0.0025893 0.00260765 1.19965e-05 1.21605e-05 0.0314447 0.0368898
50_50_1 f1 2.0 1.6 7599.64 0.0305356 0.0308536 0.00167511 0.00170268 0.356508 0.335635
70_70_70_1 f1 2.0 1.6 8437.78 0.00296326 0.0029905 1.58114e-05 1.61089e-05 0.0431528 0.0412796
50_50_1 f1 2.0 2.4 7328.1 0.042158 0.044627 0.00318577 0.0035629 0.431999 0.425237
70_70_70_1 f1 2.0 2.4 6222.91 0.00710258 0.00719752 8.75771e-05 9.12777e-05 0.057247 0.0714435
50_50_1 f1 2.0 2.8 5697.86 0.0354205 0.0364573 0.00296321 0.00321466 0.603733 0.580951
70_70_70_1 f1 2.0 2.8 6191.43 0.00998208 0.010695 0.000228776 0.000290369 0.270158 0.306316
50_50_1 f1 2.0 2.0 7745.83 0.0323678 0.0326106 0.00197287 0.00197629 0.424649 0.412321
70_70_70_1 f1 2.0 2.0 8343.13 0.00401678 0.00405942 2.85634e-05 2.88802e-05 0.0544135 0.0470603
50_50_1 f1 3.0 0.4 5728.51 0.0340893 0.0343583 0.00210031 0.00212754 0.425291 0.409511
70_70_70_1 f1 3.0 0.4 6487.75 0.0024516 0.00247809 1.12433e-05 1.14981e-05 0.0426606 0.0411558
50_50_1 f1 3.0 0.8 5697.86 0.0356424 0.0359388 0.00233964 0.00237075 0.402375 0.405987
70_70_70_1 f1 3.0 0.8 6295.87 0.0031812 0.00321816 1.76049e-05 1.81579e-05 0.0356195 0.0370429
50_50_1 f1 3.0 0.0 5764.84 0.0329847 0.0333035 0.00194085 0.0019649 0.415857 0.432328
70_70_70_1 f1 3.0 0.0 6260.16 0.0020736 0.00208629 8.03559e-06 8.16039e-06 0.0285408 0.02613
50_50_1 f1 3.0 1.2 5758.13 0.0371502 0.0375679 0.00250856 0.00254795 0.505086 0.43584
70_70_70_1 f1 3.0 1.2 6252.47 0.00291498 0.00295922 1.56005e-05 1.61484e-05 0.0504242 0.0456294
50_50_1 f1 3.0 1.6 5838.49 0.0381416 0.0385795 0.00270273 0.00274521 0.452928 0.44117
70_70_70_1 f1 3.0 1.6 6186.57 0.00346835 0.00348567 2.17723e-05 2.17767e-05 0.0591147 0.0466948
50_50_1 f1 3.0 2.4 5609.45 0.0343531 0.0360323 0.00222252 0.00245343 0.392737 0.421809
70_70_70_1 f1 3.0 2.4 6381.83 0.0107742 0.0113149 0.000215883 0.000245882 0.117646 0.121975
50_50_1 f1 3.0 2.8 5751.27 0.036996 0.037826 0.00251091 0.00260747 0.341728 0.393973
70_70_70_1 f1 3.0 2.8 6281.74 0.00828204 0.00850509 0.000124348 0.000131841 0.0959483 0.121161
50_50_1 f1 3.0 2.0 5822.48 0.0383877 0.0389042 0.00267454 0.00273024 0.449265 0.437004
70_70_70_1 f1 3.0 2.0 6370.96 0.00376259 0.00380544 2.48572e-05 2.53583e-05 0.053871 0.0507692
50_50_1 f1 3.0 3.0 6066.84 0.0385367 0.039282 0.00308964 0.00321624 0.47034 0.523017
70_70_70_1 f1 3.0 3.0 6395.89 0.00777284 0.00803458 0.000137088 0.000151164 0.15422 0.178481
50_50_1 f2 0.0 0.4 1658.41 0.0214047 0.021657 0.000816355 0.000834113 0.257151 0.250214
70_70_70_1 f2 0.0 0.4 1850.28 0.00809702 0.00826923 0.000112514 0.000117555 0.0949443 0.112404
50_50_1 f2 0.0 0.8 1726.23 0.0413936 0.0418699 0.00324769 0.00331829 0.619036 0.574454
70_70_70_1 f2 0.0 0.8 1882.25 0.0163908 0.0168173 0.000495425 0.00052255 0.335078 0.323302
50_50_1 f2 0.0 0.0 1732.13 0.00583249 0.0058777 8.53443e-05 8.67496e-05 0.255203 0.2483
70_70_70_1 f2 0.0 0.0 1943.98 0.00109382 0.00110169 1.99484e-06 2.03036e-06 0.0397486 0.0417297
50_50_1 f2 0.0 1.2 1692.93 0.0550314 0.0553724 0.00583323 0.00580991 0.748039 0.733736
70_70_70_1 f2 0.0 1.2 1878.94 0.216418 0.217084 0.07694 0.077293 2.82536 3.01644
50_50_1 f2 0.0 1.6 1703.66 0.0621201 0.0630153 0.00726955 0.00743895 0.764317 0.753897
70_70_70_1 f2 0.0 1.6 1855.91 0.024579 0.0252983 0.00112879 0.00119369 0.577437 0.484223
50_50_1 f2 0.0 2.4 1743.05 0.0690001 0.0695364 0.00891018 0.00897854 0.71922 0.692638
70_70_70_1 f2 0.0 2.4 1873.55 0.0269148 0.027628 0.00136147 0.00142476 0.488294 0.448075
50_50_1 f2 0.0 2.8 1701.53 0.0700703 0.0710165 0.00921612 0.00948865 0.797685 0.787809
70_70_70_1 f2 0.0 2.8 1829.18 0.0268994 0.0277416 0.00134562 0.00144029 0.478632 0.463111
50_50_1 f2 0.0 2.0 1764.8 0.0661525 0.0669612 0.00818545 0.00834249 0.738279 0.662464
70_70_70_1 f2 0.0 2.0 1882.2 0.0274832 0.028195 0.00144138 0.00150193 0.517008 0.456188
50_50_1 f2 0.0 3.0 1697.55 0.0693564 0.0700667 0.00896194 0.00910348 0.768445 0.73112
70_70_70_1 f2 0.0 3.0 1815.73 0.0271455 0.0278744 0.00145163 0.00151999 0.507974 0.457655
50_50_1 f2 1.0 0.4 1739.11 0.0247039 0.0250022 0.00112769 0.0011439 0.496531 0.432942
70_70_70_1 f2 1.0 0.4 1917.38 0.00941165 0.00958639 0.000151942 0.000156064 0.278337 0.20027
50_50_1 f2 1.0 0.8 1716.51 0.0421508 0.0427152 0.00337861 0.00348466 0.791538 0.855275
70_70_70_1 f2 1.0 0.8 1899.72 0.0173777 0.0178638 0.000581585 0.000648543 0.634489 0.742428
50_50_1 f2 1.0 0.0 1769.53 0.0134337 0.0135541 0.000323832 0.000329165 0.260472 0.240178
70_70_70_1 f2 1.0 0.0 1902.69 0.00146914 0.00147576 3.51622e-06 3.56232e-06 0.0403415 0.0390121
50_50_1 f2 1.0 1.2 1713.31 0.0544587 0.0548548 0.00561894 0.00556002 0.693312 0.678215
70_70_70_1 f2 1.0 1.2 1873.89 0.0233877 0.0238109 0.00107559 0.0010776 0.429344 0.445551
50_50_1 f2 1.0 2.4 1797.89 0.070778 0.0714191 0.00924645 0.00935541 0.695512 0.852326
70_70_70_1 f2 1.0 2.4 1879.31 0.0282127 0.0288802 0.00146981 0.00153963 0.35074 0.376819
50_50_1 f2 1.0 2.8 1752.24 0.0693779 0.070113 0.00895823 0.00916913 0.683087 0.749388
70_70_70_1 f2 1.0 2.8 1913.07 0.0286989 0.0295016 0.00154201 0.0016688 0.430239 0.566506
50_50_1 f2 1.0 2.0 1751.41 0.0667572 0.067464 0.00838541 0.00848166 0.684928 0.735883
70_70_70_1 f2 1.0 2.0 1899.97 0.0273291 0.027947 0.00139969 0.00147225 0.377035 0.492592
50_50_1 f2 1.0 3.0 1747.75 0.0685684 0.0692798 0.00874227 0.0088618 0.764811 0.709898
70_70_70_1 f2 1.0 3.0 1873.4 0.0275096 0.0281281 0.0014262 0.00147145 0.457436 0.471817
50_50_1 f2 2.0 0.4 1682.31 0.0337132 0.034146 0.00216722 0.00220173 0.71292 0.69062
70_70_70_1 f2 2.0 0.4 1911.88 0.0113456 0.0115846 0.00023527 0.0002409 0.507555 0.458196
50_50_1 f2 2.0 0.8 1780.84 0.0457388 0.0461701 0.00386595 0.00392432 0.488844 0.53591
70_70_70_1 f2 2.0 0.8 1835.35 0.0176286 0.01798 0.00056468 0.000590358 0.220672 0.304888
50_50_1 f2 2.0 0.0 1735.49 0.0239882 0.0242001 0.00102272 0.00103493 0.315724 0.292039
70_70_70_1 f2 2.0 0.0 1987.29 0.0017962 0.00180538 5.72124e-06 5.77558e-06 0.0256071 0.0265477
50_50_1 f2 2.0 1.2 1694.24 0.055946 0.0563129 0.00578521 0.00578312 0.629163 0.864144
70_70_70_1 f2 2.0 1.2 1818.88 0.0221771 0.0227649 0.000890606 0.000955654 0.412642 0.775414
50_50_1 f2 2.0 1.6 1671.15 0.0644691 0.0653375 0.00784234 0.00798255 0.714815 0.785239
70_70_70_1 f2 2.0 1.6 1931.65 0.0262445 0.0270326 0.00128824 0.00139319 0.490954 0.580632
50_50_1 f2 2.0 2.4 1661.04 0.0708343 0.0716848 0.00931945 0.00948493 0.652177 0.719168
70_70_70_1 f2 2.0 2.4 1834.59 0.0282022 0.0289159 0.0014732 0.00155906 0.35504 0.455649
50_50_1 f2 2.0 2.8 1790.49 0.0692016 0.0697598 0.00899306 0.00907745 0.77878 0.808527
70_70_70_1 f2 2.0 2.8 1886.73 0.0281313 0.0288684 0.00153394 0.00159837 0.60398 0.646248
50_50_1 f2 2.0 2.0 1673.68 0.0697442 0.0703285 0.00918915 0.00924606 0.723318 0.791566
70_70_70_1 f2 2.0 2.0 1901.11 0.0284002 0.0291016 0.00148928 0.00156296 0.484469 0.527195
50_50_1 f2 2.0 3.0 1725.12 0.0685453 0.0691223 0.00877918 0.00885913 0.77556 0.72302
70_70_70_1 f2 2.0 3.0 1918.48 0.0526123 0.0533694 0.00494906 0.00508208 0.601045 0.544902
50_50_1 f2 3.0 0.4 1780.73 0.0416805 0.0421011 0.0033601 0.00337123 0.640975 0.558181
70_70_70_1 f2 3.0 0.4 1882.88 0.0130053 0.0132755 0.000328471 0.000330685 0.422957 0.331015
50_50_1 f2 3.0 0.8 1790.55 0.0495578 0.0502717 0.00469401 0.00486417 0.610462 0.641783
70_70_70_1 f2 3.0 0.8 1935.82 0.0194431 0.0199984 0.000697294 0.000753135 0.372995 0.445746
50_50_1 f2 3.0 0.0 1757.04 0.0334263 0.0337713 0.00202735 0.00205552 0.423051 0.41863
70_70_70_1 f2 3.0 0.0 1902.58 0.00225786 0.00227225 9.32127e-06 9.47674e-06 0.0323763 0.0307487
50_50_1 f2 3.0 1.2 1720.7 0.0582883 0.0590646 0.00621374 0.00638959 0.607193 0.725612
70_70_70_1 f2 3.0 1.2 1881.06 0.0238659 0.0245446 0.00103677 0.00111118 0.364083 0.510583
50_50_1 f2 3.0 2.4 1721.68 0.0710793 0.0720159 0.0094672 0.00970649 0.87836 0.89331
70_70_70_1 f2 3.0 2.4 1907.32 0.0285198 0.0293275 0.00155108 0.00163111 0.659998 0.522078
50_50_1 f2 3.0 2.8 1679.57 0.0715169 0.0719766 0.00956376 0.00962906 0.776494 0.739312
70_70_70_1 f2 3.0 2.8 1899.73 0.0289388 0.0295496 0.00156582 0.00161235 0.490635 0.397643
50_50_1 f2 3.0 2.0 1730.12 0.0716031 0.0723063 0.0097011 0.00984981 0.795063 0.832144
70_70_70_1 f2 3.0 2.0 1846.65 0.0296777 0.0305929 0.00168873 0.00179795 0.545385 0.605828
50_50_1 f2 3.0 3.0 1780.77 0.069643 0.0701496 0.00900597 0.00905981 0.735903 0.681312
70_70_70_1 f2 3.0 3.0 1885.42 0.0298648 0.0305376 0.0016863 0.00172651 0.535125 0.50034
50_50_1 f2 -1.0 0.4 1717.57 0.0267013 0.0270087 0.00132321 0.00135314 0.332822 0.333337
70_70_70_1 f2 -1.0 0.4 1834.12 0.00998767 0.0101931 0.000169954 0.000177657 0.145521 0.160604
50_50_1 f2 -1.0 0.8 1711.75 0.0449567 0.0456688 0.00386401 0.00404235 0.597436 0.631167
70_70_70_1 f2 -1.0 0.8 1875.02 0.0175503 0.0180139 0.000587962 0.000639579 0.33189 0.449358
50_50_1 f2 -1.0 0.0 1776.94 0.0134985 0.0136345 0.000327162 0.000332901 0.239104 0.257171
70_70_70_1 f2 -1.0 0.0 1885.78 0.00158733 0.00159487 4.34944e-06 4.40912e-06 0.0373144 0.0284885
50_50_1 f2 -1.0 1.2 1753.8 0.0557193 0.0562708 0.00593429 0.00602599 0.766324 0.710033
70_70_70_1 f2 -1.0 1.2 1932.75 0.0230157 0.0235606 0.00106694 0.00109824 0.608573 0.531988
50_50_1 f2 -1.0 1.6 1767.94 0.0613884 0.0623472 0.00703834 0.00726911 0.683632 0.729256
70_70_70_1 f2 -1.0 1.6 2019.69 0.0251747 0.0258174 0.00117206 0.00125037 0.443234 0.498654
50_50_1 f2 -1.0 2.4 1721.82 0.0663193 0.0671866 0.00823392 0.00842375 0.732301 0.74399
70_70_70_1 f2 -1.0 2.4 1903.88 0.0258216 0.0266873 0.00128054 0.00138928 0.503849 0.517645
50_50_1 f2 -1.0 2.8 1725.29 0.0691298 0.0701366 0.00887381 0.00914568 0.731219 0.728543
70_70_70_1 f2 -1.0 2.8 1893.28 0.0261355 0.0269343 0.00124503 0.0013393 0.388249 0.401125
50_50_1 f2 -1.0 2.0 1754.06 0.0652568 0.0663071 0.00796403 0.0082806 0.684892 0.792761
70_70_70_1 f2 -1.0 2.0 1917.46 0.0267929 0.0277181 0.00132294 0.00147731 0.434217 0.662961
50_50_1 f2 -1.0 3.0 1732.81 0.0696415 0.0703203 0.00887164 0.00907865 0.725327 0.779897
70_70_70_1 f2 -1.0 3.0 1842.53 0.0265211 0.0274245 0.00130275 0.00140684 0.502165 0.488009
50_50_1 f2 -2.0 0.4 1709.92 0.0366496 0.0371544 0.00272559 0.00280538 0.499719 0.520048
70_70_70_1 f2 -2.0 0.4 1896.53 0.0121609 0.0124665 0.000276319 0.000292145 0.245866 0.262562
50_50_1 f2 -2.0 0.8 1762.66 0.0493681 0.0498777 0.00478579 0.00485906 0.686449 0.74899
70_70_70_1 f2 -2.0 0.8 1920.64 0.0189116 0.0194066 0.000669677 0.000712029 0.44169 0.5177
50_50_1 f2 -2.0 0.0 1822.61 0.0246496 0.0249886 0.00114856 0.00117365 0.309123 0.328462
70_70_70_1 f2 -2.0 0.0 1919.49 0.00271002 0.0027504 1.41584e-05 1.46422e-05 0.0270701 0.0281774
50_50_1 f2 -2.0 1.2 1781.11 0.0562313 0.0568227 0.00601714 0.00613861 0.712243 0.745009
70_70_70_1 f2 -2.0 1.2 1933.56 0.0228174 0.023375 0.000989242 0.00104528 0.476397 0.535494
50_50_1 f2 -2.0 1.6 1689.73 0.0619513 0.0630178 0.00708726 0.00741194 0.669338 0.755483
70_70_70_1 f2 -2.0 1.6 2011.81 0.0242715 0.0250485 0.00106289 0.00118576 0.397187 0.527195
50_50_1 f2 -2.0 2.4 1722.11 0.0675744 0.0683778 0.00848478 0.00870504 0.700781 0.717183
70_70_70_1 f2 -2.0 2.4 1870.17 0.0266195 0.0273791 0.00131899 0.0014196 0.455123 0.513281
50_50_1 f2 -2.0 2.0 1743.85 0.0635459 0.0644294 0.00747058 0.00773468 0.68981 0.747242
70_70_70_1 f2 -2.0 2.0 1957.88 0.0259795 0.0267884 0.00121174 0.00132657 0.446535 0.542658
50_50_1 f2 -2.0 3.0 1726.53 0.0675211 0.0684366 0.00838118 0.00857068 0.794629 0.737845
70_70_70_1 f2 -2.0 3.0 1903.98 0.0273867 0.0281238 0.00139006 0.00147917 0.436949 0.432326
