layers function psi phi train_time sigma_train sigma_test E_train E_test sigma_max_train sigma_max_test
300_300_300_1 f1 0.0 0.0 1238.07 0.000722481 0.000842976 9.08531e-07 1.19886e-06 0.0217779 0.0307542
300_300_300_1 f1 0.0 0.4 1145.8 0.000835319 0.000968518 1.2072e-06 1.60087e-06 0.0202095 0.0286334
300_300_300_1 f1 0.0 0.8 1159.12 0.000866005 0.00100096 1.30783e-06 1.75199e-06 0.0172453 0.025711
300_300_300_1 f1 0.0 1.2 1146.13 0.000712743 0.000841339 8.89646e-07 1.26083e-06 0.0267201 0.0213389
300_300_300_1 f1 0.0 1.6 1152.52 0.000658454 0.000776866 7.44716e-07 1.04946e-06 0.0284459 0.0210579
300_300_300_1 f1 0.0 2.0 1253.8 0.000644111 0.000737379 6.97537e-07 9.14465e-07 0.0253303 0.0246076
300_300_300_1 f1 0.0 2.4 1152.52 0.000939202 0.00129097 1.85791e-06 3.29725e-06 0.0293107 0.0263551
300_300_300_1 f1 0.0 2.8 1191.92 0.000788555 0.000931248 1.06088e-06 1.53728e-06 0.0262346 0.0295262
300_300_300_1 f1 0.0 3.0 592.361 0.000669765 0.000761749 7.55278e-07 1.00931e-06 0.0268488 0.0293036
300_300_300_1 f1 -1.0 0.0 1157.38 0.000576711 0.000874186 5.51024e-07 1.36154e-06 0.0117818 0.0185011
300_300_300_1 f1 1.0 0.0 1146.76 0.000483971 0.000800045 3.86527e-07 1.14584e-06 0.0141342 0.0163611
300_300_300_1 f1 -1.0 0.4 1158.56 0.000572292 0.000970345 5.42354e-07 1.71271e-06 0.0130065 0.0179483
300_300_300_1 f1 1.0 0.4 1233.34 0.000535382 0.000938593 4.77135e-07 1.62302e-06 0.0136541 0.0178344
300_300_300_1 f1 -1.0 0.8 1180.78 0.000538889 0.00103407 4.86743e-07 2.01276e-06 0.0127604 0.0162149
300_300_300_1 f1 1.0 0.8 1164.66 0.000518112 0.00102488 4.47851e-07 2.01187e-06 0.0122353 0.0174487
300_300_300_1 f1 -1.0 1.2 1246.73 0.000522927 0.00110198 4.59652e-07 2.33651e-06 0.0146776 0.015602
300_300_300_1 f1 1.0 1.2 1167.83 0.000507345 0.00108926 4.32282e-07 2.30647e-06 0.01561 0.0173056
300_300_300_1 f1 -1.0 1.6 1230.48 0.000541972 0.00122653 4.89302e-07 3.10924e-06 0.0192216 0.018654
300_300_300_1 f1 1.0 1.6 1283.86 0.000530567 0.00120173 4.6943e-07 2.88277e-06 0.0194116 0.0161064
300_300_300_1 f1 -1.0 2.0 1160.25 0.000706846 0.00199371 8.36955e-07 1.16189e-05 0.0191215 0.0455497
300_300_300_1 f1 1.0 2.0 1172.09 0.000689556 0.00188772 7.95932e-07 8.9543e-06 0.0202862 0.0290822
300_300_300_1 f1 -1.0 2.4 1133.81 0.00180938 0.0130665 6.63256e-06 0.000849686 0.0246181 0.31832
300_300_300_1 f1 1.0 2.4 1190.62 0.00165186 0.011674 5.49136e-06 0.000617493 0.0191296 0.232862
300_300_300_1 f1 -1.0 2.8 1165.07 0.00148439 0.00473449 4.11959e-06 6.71628e-05 0.0346072 0.0837678
300_300_300_1 f1 1.0 2.8 1174.85 0.00148812 0.00554366 4.17614e-06 0.000127955 0.0214936 0.201952
300_300_300_1 f1 -1.0 3.0 1155.82 0.000918334 0.00252475 1.51477e-06 1.60489e-05 0.0190561 0.0364264
300_300_300_1 f1 1.0 3.0 1154.72 0.000918171 0.00276706 1.50065e-06 2.37664e-05 0.0163478 0.0701762
300_300_300_1 f1 -2.0 0.0 1132.84 0.00246511 0.00313194 1.08237e-05 1.9023e-05 0.0178026 0.0292631
300_300_300_1 f1 2.0 0.0 1147.34 0.00136851 0.00166189 3.26544e-06 4.98964e-06 0.0146432 0.0153513
300_300_300_1 f1 -2.0 0.4 1206.68 0.00290427 0.00372517 1.46497e-05 2.6687e-05 0.0231477 0.0384417
300_300_300_1 f1 2.0 0.4 1150.37 0.00193311 0.00234646 6.27799e-06 9.79468e-06 0.0272871 0.0334226
300_300_300_1 f1 -2.0 0.8 1162.25 0.00335368 0.004354 1.87227e-05 3.65633e-05 0.0291156 0.0556754
300_300_300_1 f1 2.0 0.8 1208.53 0.00232186 0.00286176 9.04579e-06 1.46065e-05 0.0299474 0.035705
300_300_300_1 f1 -2.0 1.2 1140.04 0.000943644 0.00214954 1.49531e-06 1.05049e-05 0.0105087 0.0441687
300_300_300_1 f1 2.0 1.2 1153.76 0.000803533 0.00173463 1.07885e-06 6.07552e-06 0.0120227 0.0246212
300_300_300_1 f1 -2.0 1.6 1169.71 0.000886254 0.00261993 1.32328e-06 2.91472e-05 0.00942968 0.146791
300_300_300_1 f1 2.0 1.6 1191.07 0.000746476 0.00194064 9.28108e-07 8.42393e-06 0.0155539 0.026989
300_300_300_1 f1 -2.0 2.0 1157.28 0.00124314 0.00506273 2.79248e-06 0.000245365 0.018332 0.425045
300_300_300_1 f1 2.0 2.0 1156.28 0.000855423 0.00266152 1.25039e-06 1.8484e-05 0.0199171 0.0433138
300_300_300_1 f1 -2.0 2.4 1194.43 0.00148838 0.00817648 4.4e-06 0.000315961 0.0213545 0.169793
300_300_300_1 f1 2.0 2.4 1166.09 0.00131657 0.00724837 3.35452e-06 0.00028018 0.0138708 0.18863
300_300_300_1 f1 -2.0 2.8 1154.63 0.00158649 0.00535504 4.68887e-06 9.05987e-05 0.0364848 0.137345
300_300_300_1 f1 2.0 2.8 1195.71 0.0016392 0.00703355 4.99292e-06 0.000261933 0.0169938 0.236694
300_300_300_1 f1 -2.0 3.0 1185.15 0.00115698 0.00373788 2.44485e-06 4.03001e-05 0.0323007 0.0804326
300_300_300_1 f1 2.0 3.0 1173.33 0.00131064 0.00591678 3.17624e-06 0.000281001 0.0189039 0.414892
300_300_300_1 f1 3.0 0.0 1143.2 0.000844737 0.0015689 1.17335e-06 4.78911e-06 0.00696312 0.0185449
300_300_300_1 f1 3.0 0.4 1185.06 0.00077887 0.0016601 9.97676e-07 5.6639e-06 0.00731482 0.0260491
300_300_300_1 f1 3.0 0.8 1341.53 0.000756632 0.00178788 9.55276e-07 6.81321e-06 0.00644653 0.0335091
300_300_300_1 f1 3.0 1.2 1164.05 0.000748296 0.00196243 9.37804e-07 8.50612e-06 0.0079625 0.0404009
300_300_300_1 f1 3.0 1.6 1138.4 0.000765242 0.00220519 9.94431e-07 1.10652e-05 0.011081 0.0485109
300_300_300_1 f1 3.0 2.0 1225.45 0.000835829 0.0026039 1.22557e-06 1.62677e-05 0.0212121 0.0534056
300_300_300_1 f1 3.0 2.4 1159.99 0.00121181 0.00556771 2.8446e-06 0.000180803 0.0228984 0.138782
300_300_300_1 f1 3.0 2.8 1149.05 0.00131168 0.00454556 3.17492e-06 6.70092e-05 0.0152087 0.116361
300_300_300_1 f1 3.0 3.0 1145.47 0.00120445 0.00455628 2.62915e-06 9.97219e-05 0.0123734 0.198075
