layers function psi phi train_time sigma_train sigma_test E_train E_test sigma_max_train sigma_max_test
300_300_300_1 f1 0.0 0.0 0.00104141 0.000848919 0.00086442 1.20342e-06 1.26504e-06 0.0149412 0.0185435
300_300_300_1 f1 0.0 0.4 0.000853062 0.000977985 0.000967936 1.63583e-06 1.59518e-06 0.0159274 0.0139388
300_300_300_1 f1 0.0 0.8 0.000746012 0.00101444 0.00100126 1.81892e-06 1.72709e-06 0.0176635 0.0137711
300_300_300_1 f1 0.0 1.2 0.000944376 0.000881489 0.00087693 1.39643e-06 1.33375e-06 0.0194851 0.0158161
300_300_300_1 f1 0.0 1.6 0.000757217 0.000808738 0.000818804 1.125e-06 1.14205e-06 0.0154733 0.0169875
300_300_300_1 f1 0.0 2.0 0.000974894 0.000750062 0.000755635 9.42653e-07 9.46203e-07 0.0132225 0.0146322
300_300_300_1 f1 0.0 2.4 0.00105166 0.00134176 0.00132846 3.36791e-06 3.51511e-06 0.0211469 0.0272966
300_300_300_1 f1 0.0 2.8 0.000945568 0.000974449 0.000948906 1.60318e-06 1.53021e-06 0.0151584 0.0174525
300_300_300_1 f1 0.0 3.0 0.000971317 0.000771854 0.000771135 9.96904e-07 1.01801e-06 0.0146531 0.0161883
300_300_300_1 f1 -1.0 0.0 0.000892639 0.000986663 0.000952341 1.65818e-06 1.60579e-06 0.011329 0.0151963
300_300_300_1 f1 1.0 0.0 0.000961542 0.000922193 0.000919486 1.4357e-06 1.50694e-06 0.0114112 0.017959
300_300_300_1 f1 -1.0 0.4 0.00105858 0.00111592 0.00108827 2.195e-06 2.09435e-06 0.0163109 0.013187
300_300_300_1 f1 1.0 0.4 0.00102162 0.00109619 0.00104904 2.10564e-06 1.94571e-06 0.0125353 0.0133263
300_300_300_1 f1 -1.0 0.8 0.000952721 0.00120525 0.00118595 2.63676e-06 2.50079e-06 0.0163176 0.00950522
300_300_300_1 f1 1.0 0.8 0.000965118 0.00120976 0.00116513 2.63814e-06 2.46403e-06 0.0111359 0.00994481
300_300_300_1 f1 -1.0 1.2 0.000756025 0.00128378 0.00128769 2.99511e-06 2.98546e-06 0.0138039 0.0170022
300_300_300_1 f1 1.0 1.2 0.000957966 0.00131093 0.00129079 3.17694e-06 3.02927e-06 0.011532 0.0127761
300_300_300_1 f1 -1.0 1.6 0.00107121 0.00141543 0.00146482 3.90742e-06 4.12967e-06 0.0118172 0.0177219
300_300_300_1 f1 1.0 1.6 0.00102544 0.00144803 0.00146507 4.07065e-06 4.00419e-06 0.0169769 0.011799
300_300_300_1 f1 -1.0 2.0 0.000745773 0.00222542 0.0024646 1.3876e-05 1.78959e-05 0.0392035 0.0431119
300_300_300_1 f1 1.0 2.0 0.000720978 0.00219298 0.00230125 1.11577e-05 1.26736e-05 0.0215694 0.0258708
300_300_300_1 f1 -1.0 2.4 0.000732422 0.0177142 0.021971 0.00124227 0.00221409 0.233156 0.317364
300_300_300_1 f1 1.0 2.4 0.000756979 0.0187276 0.0113089 0.00117422 0.000461276 0.201439 0.130311
300_300_300_1 f1 -1.0 2.8 0.000732422 0.00531616 0.00538642 7.61611e-05 7.48147e-05 0.0581483 0.063387
300_300_300_1 f1 1.0 2.8 0.00106597 0.00629332 0.00664696 0.000149516 0.000163389 0.166162 0.115605
300_300_300_1 f1 -1.0 3.0 0.00109792 0.00291023 0.00283147 2.06034e-05 1.77038e-05 0.0335211 0.0216404
300_300_300_1 f1 1.0 3.0 0.000732899 0.00304946 0.00322489 2.38098e-05 2.57553e-05 0.0461121 0.0341248
300_300_300_1 f1 -2.0 0.0 0.000776768 0.00318601 0.00318722 1.95112e-05 1.94321e-05 0.0241154 0.0273025
300_300_300_1 f1 2.0 0.0 0.000763178 0.00170137 0.00170435 5.30775e-06 5.31737e-06 0.0136613 0.0136422
300_300_300_1 f1 -2.0 0.4 0.000973701 0.00376929 0.00373763 2.69441e-05 2.69081e-05 0.0313368 0.0359287
300_300_300_1 f1 2.0 0.4 0.000782013 0.00241092 0.00236443 1.03511e-05 9.89485e-06 0.0243801 0.020576
300_300_300_1 f1 -2.0 0.8 0.00101972 0.0043437 0.0043482 3.6126e-05 3.71675e-05 0.0424219 0.0431021
300_300_300_1 f1 2.0 0.8 0.000741005 0.00292715 0.00290016 1.55759e-05 1.47099e-05 0.0275841 0.0214963
300_300_300_1 f1 -2.0 1.2 0.000761032 0.00256285 0.00249986 1.39728e-05 1.36616e-05 0.0303727 0.0401512
300_300_300_1 f1 2.0 1.2 0.00101733 0.00208455 0.00201753 9.18935e-06 8.01151e-06 0.0259176 0.0193554
300_300_300_1 f1 -2.0 1.6 0.000766516 0.00303462 0.0031097 2.85021e-05 3.01499e-05 0.0816321 0.0710901
300_300_300_1 f1 2.0 1.6 0.000790834 0.00233937 0.00234594 1.2545e-05 1.18631e-05 0.0424239 0.0256959
300_300_300_1 f1 -2.0 2.0 0.00094533 0.00528012 0.00743689 0.000145241 0.000717208 0.180367 0.357634
300_300_300_1 f1 2.0 2.0 0.000799894 0.00329434 0.003393 2.9847e-05 2.90326e-05 0.0373203 0.0417891
300_300_300_1 f1 -2.0 2.4 0.000762224 0.0115391 0.015635 0.000490354 0.000993067 0.111303 0.149994
300_300_300_1 f1 2.0 2.4 0.000780821 0.0106685 0.00970234 0.000461117 0.000369426 0.137732 0.106298
300_300_300_1 f1 -2.0 2.8 0.000754118 0.00620657 0.00648514 9.84025e-05 0.000120279 0.0756909 0.082084
300_300_300_1 f1 2.0 2.8 0.000761747 0.00747675 0.00891024 0.000335467 0.000447039 0.280654 0.20881
300_300_300_1 f1 -2.0 3.0 0.00101304 0.00432917 0.00458434 5.34508e-05 5.00406e-05 0.0725347 0.0393033
300_300_300_1 f1 2.0 3.0 0.001369 0.00794129 0.0123596 0.00073355 0.00162979 0.437827 0.372749
300_300_300_1 f1 3.0 0.0 0.0007658 0.00177129 0.00182771 6.02704e-06 6.37624e-06 0.0184299 0.0148641
300_300_300_1 f1 3.0 0.4 0.000804424 0.00194629 0.00198088 7.57458e-06 7.75311e-06 0.0243341 0.0227683
300_300_300_1 f1 3.0 0.8 0.00100613 0.00215542 0.00213734 9.19132e-06 9.88247e-06 0.0248593 0.0295816
300_300_300_1 f1 3.0 1.2 0.000973225 0.00236584 0.00239987 1.09818e-05 1.35231e-05 0.0234992 0.0405004
300_300_300_1 f1 3.0 1.6 0.000748634 0.00258741 0.0027316 1.34285e-05 1.76873e-05 0.0277893 0.049951
300_300_300_1 f1 3.0 2.0 0.000738144 0.00311339 0.0033778 2.11443e-05 2.69452e-05 0.0312247 0.0402793
300_300_300_1 f1 3.0 2.4 0.0008533 0.00834836 0.00655147 0.000379571 0.000199606 0.139936 0.105763
300_300_300_1 f1 3.0 2.8 0.000796556 0.0049591 0.00528255 6.00759e-05 7.25325e-05 0.0443253 0.0550549
300_300_300_1 f1 3.0 3.0 0.000724554 0.00503551 0.00528043 0.000100354 0.000135892 0.173133 0.157101
