layers function psi phi train_time sigma_train sigma_test E_train E_test sigma_max_train sigma_max_test
300_300_300_1 f1 0.0 0.4 629.484 0.000735531 0.0010055 9.58002e-07 1.74773e-06 0.0169037 0.0258538
500_500_500_500_1 f1 0.0 0.4 693.516 0.000560114 0.000586925 5.24952e-07 5.88823e-07 0.00400225 0.00388827
300_300_300_1 f1 0.0 0.0 648.677 0.000600295 0.000867531 6.51079e-07 1.27236e-06 0.0147923 0.0272113
500_500_500_500_1 f1 0.0 0.0 631.845 0.000542451 0.000565126 4.85936e-07 5.32051e-07 0.00321165 0.0032903
300_300_300_1 f1 0.0 0.8 652.093 0.000751922 0.00106822 1.0147e-06 2.02433e-06 0.0132203 0.0268259
500_500_500_500_1 f1 0.0 0.8 1136.67 0.00052892 0.000559534 4.95815e-07 5.62041e-07 0.00472492 0.00470773
300_300_300_1 f1 0.0 1.2 640.033 0.000687859 0.000770398 8.15178e-07 1.06497e-06 0.0144534 0.0330412
500_500_500_500_1 f1 0.0 1.2 928.351 0.000513871 0.000543117 4.73478e-07 5.30434e-07 0.00473594 0.00470942
300_300_300_1 f1 0.0 1.6 629.141 0.000642219 0.000703246 7.0224e-07 8.62775e-07 0.0143647 0.0318958
500_500_500_500_1 f1 0.0 1.6 653.959 0.000490975 0.000509962 4.25105e-07 4.56498e-07 0.00370627 0.0050858
300_300_300_1 f1 0.0 2.4 627.742 0.000853585 0.00126418 1.70333e-06 3.03335e-06 0.0216483 0.0318881
500_500_500_500_1 f1 0.0 2.4 867.393 0.000736932 0.00105463 1.11635e-06 1.93975e-06 0.00896951 0.0147809
300_300_300_1 f1 0.0 2.0 655.163 0.00062397 0.000698294 6.55793e-07 8.33877e-07 0.0164797 0.0268375
500_500_500_500_1 f1 0.0 2.0 705.626 0.000489115 0.000513021 4.02938e-07 4.4482e-07 0.00316725 0.00314675
300_300_300_1 f1 0.0 2.8 520.018 0.000753865 0.000905473 9.8701e-07 1.39364e-06 0.0144575 0.0272331
300_300_300_1 f1 0.0 3.0 436.662 0.000642405 0.000721853 6.93535e-07 8.8018e-07 0.0136009 0.0252501
300_300_300_1 f1 -1.0 0.4 633.766 0.000535124 0.000670508 4.71282e-07 7.4735e-07 0.0119281 0.0137506
500_500_500_500_1 f1 -1.0 0.4 1445.67 0.000453316 0.000601539 3.34822e-07 5.95731e-07 0.00323246 0.00496025
300_300_300_1 f1 1.0 0.4 634.82 0.000506459 0.000628885 4.23381e-07 6.56105e-07 0.0118996 0.0164273
500_500_500_500_1 f1 1.0 0.4 1527.67 0.000421339 0.000552412 2.88036e-07 5.04047e-07 0.00319915 0.00370659
300_300_300_1 f1 -1.0 0.0 626.645 0.000549974 0.000664021 4.94505e-07 7.34414e-07 0.0104209 0.0137936
500_500_500_500_1 f1 -1.0 0.0 1460.28 0.000510954 0.000651822 4.30843e-07 7.22673e-07 0.0039454 0.00621167
300_300_300_1 f1 1.0 0.0 645.987 0.000458725 0.000554428 3.43704e-07 5.07878e-07 0.0101873 0.0170616
500_500_500_500_1 f1 1.0 0.0 1479.65 0.000407229 0.000524522 2.66892e-07 4.50326e-07 0.0027817 0.00338744
300_300_300_1 f1 -1.0 0.8 620.144 0.000500491 0.000641941 4.20519e-07 6.89698e-07 0.00980349 0.0152868
500_500_500_500_1 f1 -1.0 0.8 1451.46 0.000402513 0.000533984 2.64666e-07 4.64685e-07 0.00262649 0.00402116
300_300_300_1 f1 1.0 0.8 643.46 0.00048967 0.000607524 3.99159e-07 6.12616e-07 0.0109582 0.013473
500_500_500_500_1 f1 1.0 0.8 1470.62 0.000398118 0.000529561 2.61899e-07 4.62821e-07 0.00384408 0.00399635
300_300_300_1 f1 -1.0 1.2 650.845 0.000481451 0.000634351 3.91924e-07 6.70564e-07 0.00981164 0.0157899
500_500_500_500_1 f1 -1.0 1.2 1477.53 0.000383507 0.00052057 2.40351e-07 4.39189e-07 0.00270226 0.00339908
300_300_300_1 f1 1.0 1.2 618.766 0.00047228 0.000610791 3.76948e-07 6.15078e-07 0.0105655 0.0162621
500_500_500_500_1 f1 1.0 1.2 1478.42 0.000387647 0.000530349 2.48021e-07 4.568e-07 0.00299955 0.00423283
300_300_300_1 f1 -1.0 1.6 621.321 0.000490704 0.000685448 4.10038e-07 7.73598e-07 0.0103805 0.0201639
500_500_500_500_1 f1 -1.0 1.6 1463.66 0.000384192 0.000571099 2.46708e-07 5.31111e-07 0.00256667 0.00407914
300_300_300_1 f1 1.0 1.6 629.441 0.000492868 0.000664333 4.11356e-07 7.2694e-07 0.0116749 0.0197372
500_500_500_500_1 f1 1.0 1.6 1483.11 0.000392467 0.000575773 2.57885e-07 5.39097e-07 0.00293024 0.00507619
300_300_300_1 f1 -1.0 2.4 631.695 0.00157628 0.00418897 5.37951e-06 3.52625e-05 0.0190742 0.0461301
500_500_500_500_1 f1 -1.0 2.4 1463.17 0.00186769 0.00657538 7.5007e-06 9.31259e-05 0.0281249 0.0767953
300_300_300_1 f1 1.0 2.4 626.617 0.00139754 0.00385705 4.3953e-06 2.75809e-05 0.0156624 0.0279797
300_300_300_1 f1 -1.0 2.0 624.847 0.000619395 0.00105469 6.87441e-07 1.9697e-06 0.00936692 0.0184777
500_500_500_500_1 f1 -1.0 2.0 1458.69 0.000505067 0.000863404 4.38769e-07 1.36233e-06 0.0042609 0.00768722
300_300_300_1 f1 1.0 2.0 634.555 0.000606321 0.000986016 6.59201e-07 1.63083e-06 0.0103633 0.0202646
500_500_500_500_1 f1 1.0 2.0 1512.4 0.000497015 0.000852794 4.35969e-07 1.23777e-06 0.00350824 0.00688062
300_300_300_1 f1 -1.0 2.8 626.856 0.00126636 0.00263146 3.2194e-06 1.19316e-05 0.0216032 0.0316044
500_500_500_500_1 f1 -1.0 2.8 1496.71 0.00119182 0.00247683 2.76234e-06 1.075e-05 0.0108445 0.0183812
300_300_300_1 f1 1.0 2.8 653.009 0.00127211 0.00260531 3.2793e-06 1.28496e-05 0.0133717 0.0399484
300_300_300_1 f1 -1.0 3.0 642.638 0.00080705 0.00134821 1.24859e-06 2.96289e-06 0.00882732 0.0194146
500_500_500_500_1 f1 -1.0 3.0 1540.23 0.000706811 0.00114287 9.15256e-07 2.19459e-06 0.00624029 0.00943387
300_300_300_1 f1 1.0 3.0 646.661 0.000799528 0.00134015 1.22465e-06 3.00562e-06 0.00851053 0.0184317
500_500_500_500_1 f1 1.0 3.0 1557.06 0.00438846 0.00731042 3.18667e-05 0.000110949 0.0416739 0.0727394
300_300_300_1 f1 -2.0 0.4 624.279 0.00234879 0.00400777 9.42474e-06 3.24775e-05 0.0169605 0.0523507
500_500_500_500_1 f1 -2.0 0.4 1452.04 0.00048824 0.000727215 3.88926e-07 8.6433e-07 0.00316669 0.00630979
300_300_300_1 f1 2.0 0.4 653.945 0.00160542 0.00249792 4.29678e-06 1.12837e-05 0.0176351 0.0388945
500_500_500_500_1 f1 2.0 0.4 1447.77 0.000470483 0.000672142 3.63031e-07 7.4629e-07 0.0033201 0.00561069
300_300_300_1 f1 -2.0 0.0 627.952 0.00201571 0.0034134 7.13742e-06 2.2886e-05 0.0164781 0.0338525
500_500_500_500_1 f1 -2.0 0.0 1489.76 0.000697069 0.00105458 8.08046e-07 1.89504e-06 0.00519197 0.011659
300_300_300_1 f1 2.0 0.0 630.036 0.00112775 0.00176319 2.18408e-06 5.73023e-06 0.0101143 0.0187218
500_500_500_500_1 f1 2.0 0.0 1454.35 0.000510825 0.000711399 4.20273e-07 8.43644e-07 0.00341948 0.00486984
300_300_300_1 f1 -2.0 0.8 650.347 0.0027121 0.00484595 1.22417e-05 5.06297e-05 0.0188384 0.0692413
500_500_500_500_1 f1 -2.0 0.8 1513.08 0.000425107 0.00064971 2.96396e-07 6.89698e-07 0.00305673 0.00500225
300_300_300_1 f1 2.0 0.8 621.79 0.00195426 0.00311202 6.3437e-06 1.76863e-05 0.025073 0.0429908
500_500_500_500_1 f1 2.0 0.8 1454.79 0.000431424 0.000624742 3.08668e-07 6.37243e-07 0.00426268 0.00562967
300_300_300_1 f1 -2.0 1.2 632.331 0.000827517 0.00130192 1.15961e-06 2.97814e-06 0.00846478 0.0187954
500_500_500_500_1 f1 -2.0 1.2 1444.94 0.00041408 0.000667178 2.8215e-07 7.56115e-07 0.00323875 0.00612437
300_300_300_1 f1 2.0 1.2 627.159 0.000720866 0.00103692 8.76817e-07 1.80939e-06 0.00960635 0.0155713
500_500_500_500_1 f1 2.0 1.2 1468.78 0.000408149 0.000618644 2.77716e-07 6.19986e-07 0.00439296 0.00460638
300_300_300_1 f1 -2.0 1.6 650.032 0.000768792 0.0013011 1.03108e-06 3.06694e-06 0.00760158 0.0129354
500_500_500_500_1 f1 -2.0 1.6 1468.94 0.000440616 0.000781586 3.26826e-07 1.11206e-06 0.00342994 0.0115183
300_300_300_1 f1 2.0 1.6 618.896 0.00065957 0.00102058 7.51037e-07 1.74499e-06 0.00936589 0.0156724
500_500_500_500_1 f1 2.0 1.6 1552.31 0.000429186 0.000688343 3.09709e-07 7.97272e-07 0.00428314 0.00532368
300_300_300_1 f1 -2.0 2.4 634.483 0.00130622 0.0027674 3.61924e-06 1.37172e-05 0.0162331 0.0235472
500_500_500_500_1 f1 -2.0 2.4 1486.49 0.00192215 0.00484793 7.56606e-06 5.25324e-05 0.019829 0.0518689
300_300_300_1 f1 2.0 2.4 626.467 0.00112986 0.00246408 2.70156e-06 1.09397e-05 0.0120122 0.0206054
500_500_500_500_1 f1 2.0 2.4 1470.14 0.000900245 0.00208043 1.61132e-06 8.81293e-06 0.00894821 0.0201144
300_300_300_1 f1 -2.0 2.0 630.088 0.00101859 0.00233025 1.94183e-06 2.75494e-05 0.0112287 0.10224
500_500_500_500_1 f1 -2.0 2.0 1451.01 0.000610503 0.00132175 6.69987e-07 4.86201e-06 0.0049986 0.0407052
300_300_300_1 f1 2.0 2.0 652.939 0.000731 0.00131861 9.77089e-07 2.99391e-06 0.00828713 0.0204394
500_500_500_500_1 f1 2.0 2.0 1463.56 0.000521313 0.000973698 4.75951e-07 1.67516e-06 0.0044446 0.00773779
300_300_300_1 f1 -2.0 2.8 630.72 0.00134657 0.00279641 3.5885e-06 1.33869e-05 0.0264923 0.0357319
300_300_300_1 f1 2.0 2.8 637.076 0.00142802 0.00331588 3.93922e-06 2.18732e-05 0.0126987 0.0460027
500_500_500_500_1 f1 2.0 2.8 1473.19 0.000992869 0.00210655 1.88111e-06 8.78639e-06 0.0103074 0.020657
300_300_300_1 f1 -2.0 3.0 638.582 0.00100868 0.00179913 1.94676e-06 5.50697e-06 0.0228004 0.0317946
500_500_500_500_1 f1 -2.0 3.0 1471.36 0.00663883 0.0115369 7.29249e-05 0.000272057 0.0768601 0.125905
300_300_300_1 f1 2.0 3.0 631.353 0.00108059 0.00240366 2.29817e-06 1.69887e-05 0.0125987 0.0598048
500_500_500_500_1 f1 2.0 3.0 1537.83 0.000680941 0.00144396 8.50757e-07 6.24467e-06 0.00884273 0.0397637
300_300_300_1 f1 3.0 0.4 622.824 0.000711903 0.000979081 8.28383e-07 1.62292e-06 0.00633812 0.00810213
500_500_500_500_1 f1 3.0 0.4 1465.56 0.000520077 0.000790707 4.5026e-07 1.03128e-06 0.00504335 0.00688056
300_300_300_1 f1 3.0 0.0 624.961 0.000784555 0.00103659 1.00276e-06 1.82915e-06 0.00605151 0.0078715
500_500_500_500_1 f1 3.0 0.0 1458.34 0.000601339 0.000904976 5.87515e-07 1.37942e-06 0.00434511 0.00730379
300_300_300_1 f1 3.0 0.8 642.462 0.000679272 0.000993542 7.69797e-07 1.7034e-06 0.00595683 0.011619
500_500_500_500_1 f1 3.0 0.8 1463.12 0.000460452 0.00069275 3.57151e-07 7.84027e-07 0.00482577 0.00631785
300_300_300_1 f1 3.0 1.2 605.046 0.000658887 0.00102811 7.38153e-07 1.81844e-06 0.00649002 0.0116691
500_500_500_500_1 f1 3.0 1.2 1479.65 0.000430584 0.000676508 3.11304e-07 7.58437e-07 0.0045317 0.00846375
300_300_300_1 f1 3.0 1.6 635.156 0.000666889 0.00108038 7.74978e-07 1.9783e-06 0.00680448 0.0127864
500_500_500_500_1 f1 3.0 1.6 1469.47 0.000424776 0.000691767 3.0543e-07 7.96363e-07 0.00356621 0.00561771
300_300_300_1 f1 3.0 2.4 624.984 0.00106 0.00208357 2.28215e-06 8.24937e-06 0.011282 0.0396632
500_500_500_500_1 f1 3.0 2.4 1488.02 0.00071992 0.00158339 9.81231e-07 6.21442e-06 0.00726238 0.028558
300_300_300_1 f1 3.0 2.0 627.56 0.000719396 0.00127021 9.54166e-07 2.75113e-06 0.00851659 0.0225575
500_500_500_500_1 f1 3.0 2.0 1483.03 0.000464972 0.00083122 3.74851e-07 1.17041e-06 0.00353752 0.00649173
300_300_300_1 f1 3.0 2.8 627.737 0.00109305 0.00218583 2.34332e-06 8.14661e-06 0.0105499 0.0257299
500_500_500_500_1 f1 3.0 2.8 1468.53 0.000715125 0.00139441 9.39432e-07 3.3684e-06 0.00702674 0.0102886
300_300_300_1 f1 3.0 3.0 625.921 0.000980759 0.00200781 1.85205e-06 8.7282e-06 0.0103912 0.0442882
500_500_500_500_1 f1 3.0 3.0 1481.69 0.000561151 0.00114445 5.79918e-07 2.57153e-06 0.0043266 0.0171045
