layers function psi phi train_time sigma_train sigma_test E_train E_test sigma_max_train sigma_max_test
300_300_300_1 f1 0.0 0.4 359.833 0.000438067 0.00115553 3.21801e-07 2.3078e-06 0.00849987 0.0244521
500_500_500_500_1 f1 0.0 0.4 673.637 0.000535355 0.000612644 4.71697e-07 6.27007e-07 0.00354228 0.00453481
300_300_300_1 f1 0.0 0.8 362.733 0.000365115 0.00126517 2.32003e-07 2.82392e-06 0.00798574 0.0200545
500_500_500_500_1 f1 0.0 0.8 354.344 0.000524307 0.000576511 4.75722e-07 5.87308e-07 0.00397371 0.00538083
300_300_300_1 f1 0.0 0.0 349.359 0.000209428 0.00101459 7.46833e-08 1.77712e-06 0.00407335 0.0195582
500_500_500_500_1 f1 0.0 0.0 558.391 0.000519019 0.000581904 4.40215e-07 5.61902e-07 0.00279578 0.00322865
300_300_300_1 f1 0.0 1.2 337.443 0.000629241 0.000819538 6.61034e-07 1.17909e-06 0.0107021 0.0199273
500_500_500_500_1 f1 0.0 1.2 503.01 0.000501001 0.00056668 4.38177e-07 5.7443e-07 0.00347727 0.00543852
300_300_300_1 f1 0.0 1.6 339.63 0.000606306 0.000741295 6.16062e-07 9.53097e-07 0.0109647 0.0187248
500_500_500_500_1 f1 0.0 1.6 529.206 0.0004791 0.000538796 3.93517e-07 5.04751e-07 0.0031757 0.00429451
300_300_300_1 f1 0.0 2.4 349.035 0.000757729 0.00133093 1.51966e-06 3.34976e-06 0.0218085 0.0227199
500_500_500_500_1 f1 0.0 2.4 468.83 0.000663969 0.00105662 9.93444e-07 1.9817e-06 0.00847946 0.00920945
300_300_300_1 f1 0.0 2.8 346.738 0.000663314 0.000967858 8.18888e-07 1.62833e-06 0.0146646 0.0149964
300_300_300_1 f1 0.0 2.0 263.542 0.000602877 0.000709323 6.15755e-07 8.52685e-07 0.0126711 0.0155403
500_500_500_500_1 f1 0.0 2.0 407.478 0.000475565 0.000532587 3.78593e-07 4.73951e-07 0.0030941 0.00313729
300_300_300_1 f1 0.0 3.0 312.101 0.000597342 0.000764003 5.98525e-07 9.76822e-07 0.0131787 0.0127737
300_300_300_1 f1 -1.0 0.4 340.007 0.000468286 0.00073644 3.63022e-07 8.98897e-07 0.010437 0.0118713
500_500_500_500_1 f1 -1.0 0.4 779.327 0.000388536 0.000666491 2.46715e-07 7.33969e-07 0.00251772 0.00439396
300_300_300_1 f1 1.0 0.4 339.57 0.000443768 0.000692042 3.25701e-07 7.97629e-07 0.00918331 0.0170737
500_500_500_500_1 f1 1.0 0.4 780.313 0.000351858 0.000618826 2.03531e-07 6.26985e-07 0.00278854 0.00370934
300_300_300_1 f1 -1.0 0.8 339.217 0.000432748 0.000716836 3.18716e-07 8.44726e-07 0.00878678 0.0104783
500_500_500_500_1 f1 -1.0 0.8 816.706 0.000334399 0.000603045 1.89365e-07 5.88848e-07 0.00212765 0.00379723
300_300_300_1 f1 1.0 0.8 334.501 0.000423145 0.000698292 3.0196e-07 8.03247e-07 0.00876967 0.0106027
500_500_500_500_1 f1 1.0 0.8 791.888 0.000337744 0.000599027 1.92389e-07 5.89454e-07 0.00345248 0.00380525
300_300_300_1 f1 -1.0 0.0 337.108 0.000485731 0.000745625 3.82962e-07 9.18564e-07 0.00883077 0.0126165
500_500_500_500_1 f1 -1.0 0.0 792.105 0.000443027 0.000739848 3.1718e-07 9.24027e-07 0.00259341 0.00555262
300_300_300_1 f1 1.0 0.0 337.105 0.000411391 0.000614784 2.76098e-07 6.17229e-07 0.00817035 0.0121852
500_500_500_500_1 f1 1.0 0.0 783.901 0.00034462 0.000589279 1.91085e-07 5.6986e-07 0.00214833 0.00354546
300_300_300_1 f1 -1.0 1.2 335.849 0.000407157 0.000720549 2.91224e-07 8.52041e-07 0.00892386 0.0112052
500_500_500_500_1 f1 -1.0 1.2 777.92 0.000317533 0.000591136 1.73228e-07 5.71196e-07 0.00223553 0.00347244
300_300_300_1 f1 1.0 1.2 337.712 0.000409376 0.00067864 2.90552e-07 7.5535e-07 0.00957778 0.00860283
500_500_500_500_1 f1 1.0 1.2 801.433 0.00032328 0.000596729 1.81234e-07 5.8266e-07 0.0022589 0.00417604
300_300_300_1 f1 -1.0 1.6 338.288 0.000405642 0.000777384 3.0374e-07 9.8706e-07 0.00655817 0.0125786
500_500_500_500_1 f1 -1.0 1.6 786.019 0.000315931 0.000645931 1.77556e-07 6.91853e-07 0.00239193 0.00384645
300_300_300_1 f1 1.0 1.6 342.207 0.000411146 0.000751061 3.07755e-07 9.45817e-07 0.00730038 0.0108689
500_500_500_500_1 f1 1.0 1.6 789.485 0.00032536 0.000655198 1.87529e-07 7.13526e-07 0.00283112 0.00443961
300_300_300_1 f1 -1.0 2.4 358.663 0.00124096 0.00529694 3.80499e-06 7.47831e-05 0.0150039 0.0827195
500_500_500_500_1 f1 -1.0 2.4 783.219 0.00143901 0.00773346 5.13917e-06 0.000189562 0.0261016 0.123165
300_300_300_1 f1 1.0 2.4 367.476 0.00113054 0.00458624 3.27487e-06 4.49178e-05 0.0137408 0.0409298
300_300_300_1 f1 -1.0 2.8 362.62 0.000994794 0.00297559 2.22651e-06 1.61298e-05 0.0211223 0.0241575
500_500_500_500_1 f1 -1.0 2.8 780.174 0.000924585 0.00274088 1.86391e-06 1.36826e-05 0.00946294 0.0190379
300_300_300_1 f1 1.0 2.8 366.637 0.000984924 0.00331329 2.20584e-06 2.0672e-05 0.00974925 0.0248971
300_300_300_1 f1 -1.0 2.0 338.769 0.000494343 0.00113392 5.04745e-07 2.24624e-06 0.00916448 0.0100102
500_500_500_500_1 f1 -1.0 2.0 801.715 0.000393539 0.00101744 3.06087e-07 1.86903e-06 0.00370515 0.0086682
300_300_300_1 f1 1.0 2.0 336.376 0.00048952 0.00116848 4.83614e-07 2.47104e-06 0.00756039 0.0122829
500_500_500_500_1 f1 1.0 2.0 804.463 0.000405019 0.000983894 3.14459e-07 1.76644e-06 0.00336097 0.00876201
300_300_300_1 f1 -1.0 3.0 337.785 0.000641512 0.00160084 8.84486e-07 4.22913e-06 0.00717989 0.0107718
500_500_500_500_1 f1 -1.0 3.0 785.374 0.000568404 0.00131412 6.45654e-07 2.95538e-06 0.00479445 0.0103386
300_300_300_1 f1 1.0 3.0 340.5 0.000633523 0.00162664 8.56748e-07 4.48999e-06 0.00671879 0.0144
500_500_500_500_1 f1 1.0 3.0 805.974 0.00335723 0.0087667 1.99273e-05 0.000165115 0.0330938 0.117348
300_300_300_1 f1 -2.0 0.4 336.815 0.000222281 0.00553218 9.65062e-08 6.77766e-05 0.00582701 0.0753017
500_500_500_500_1 f1 -2.0 0.4 780.658 0.000380186 0.000841694 2.4864e-07 1.16738e-06 0.00275654 0.00493529
300_300_300_1 f1 2.0 0.4 348.583 0.00018708 0.00391819 6.11614e-08 3.01617e-05 0.00339842 0.03863
500_500_500_500_1 f1 2.0 0.4 778.913 0.000372972 0.000777909 2.33434e-07 1.00052e-06 0.00289708 0.0057385
300_300_300_1 f1 -2.0 0.8 346.486 0.000194156 0.00707836 7.17379e-08 0.000119138 0.00431338 0.0951219
500_500_500_500_1 f1 -2.0 0.8 773.061 0.000341275 0.000745343 2.00255e-07 9.25846e-07 0.00232284 0.0055115
300_300_300_1 f1 2.0 0.8 335.586 0.000183391 0.00516343 5.86123e-08 5.54736e-05 0.00251269 0.0544939
500_500_500_500_1 f1 2.0 0.8 766.484 0.000350561 0.000724448 2.11984e-07 8.56682e-07 0.00290161 0.00562895
300_300_300_1 f1 -2.0 0.0 349.331 0.000333943 0.00443253 2.11716e-07 4.2359e-05 0.00408117 0.058796
500_500_500_500_1 f1 -2.0 0.0 775.789 0.000541518 0.00117564 4.95087e-07 2.34045e-06 0.00351311 0.00935016
300_300_300_1 f1 2.0 0.0 338.17 0.000193181 0.00252986 6.26221e-08 1.22527e-05 0.00236577 0.0289925
500_500_500_500_1 f1 2.0 0.0 795.153 0.000410648 0.000818791 2.7395e-07 1.10899e-06 0.00248982 0.00471048
300_300_300_1 f1 -2.0 1.2 336.895 0.000635381 0.0014822 7.20256e-07 3.83995e-06 0.00666543 0.0135787
500_500_500_500_1 f1 -2.0 1.2 773.67 0.00032189 0.000777456 1.84823e-07 1.06677e-06 0.00248821 0.00756748
300_300_300_1 f1 2.0 1.2 337.021 0.000561795 0.00120901 5.53721e-07 2.47478e-06 0.00498359 0.0107997
500_500_500_500_1 f1 2.0 1.2 776.267 0.000320388 0.000728686 1.84431e-07 8.71111e-07 0.00335718 0.00426272
300_300_300_1 f1 -2.0 1.6 334.172 0.000588237 0.00148177 6.64848e-07 4.35217e-06 0.00575994 0.0285412
500_500_500_500_1 f1 -2.0 1.6 777.742 0.000342479 0.000919894 2.17589e-07 1.6721e-06 0.00291349 0.0112599
300_300_300_1 f1 2.0 1.6 337.237 0.00051523 0.00120492 4.96387e-07 2.46841e-06 0.0056583 0.0107535
500_500_500_500_1 f1 2.0 1.6 780.413 0.000333388 0.000824381 2.06316e-07 1.16814e-06 0.00337809 0.00627286
300_300_300_1 f1 -2.0 2.4 345.371 0.00103196 0.00346649 2.55362e-06 2.54944e-05 0.0155337 0.030308
500_500_500_500_1 f1 -2.0 2.4 796.444 0.00157973 0.00645107 5.72215e-06 0.000105411 0.0174787 0.0571698
300_300_300_1 f1 2.0 2.4 338.052 0.000872545 0.0030005 1.82685e-06 1.7817e-05 0.0097541 0.0275136
500_500_500_500_1 f1 2.0 2.4 784.019 0.000675695 0.00248805 1.05297e-06 1.36143e-05 0.00668496 0.0245446
300_300_300_1 f1 -2.0 2.8 337.936 0.00100003 0.00335344 2.30537e-06 2.09995e-05 0.0264897 0.0326675
300_300_300_1 f1 2.0 2.8 342.309 0.000996986 0.00400172 2.22448e-06 3.83285e-05 0.010422 0.0542398
500_500_500_500_1 f1 2.0 2.8 795.051 0.000724245 0.00263745 1.13694e-06 1.47796e-05 0.00633595 0.0262102
300_300_300_1 f1 -2.0 2.0 336.149 0.00078153 0.00267007 1.28052e-06 6.1216e-05 0.0089686 0.167117
500_500_500_500_1 f1 -2.0 2.0 785.582 0.000471118 0.00163345 4.51613e-07 1.21495e-05 0.00437126 0.0606537
300_300_300_1 f1 2.0 2.0 347.441 0.000561689 0.00153203 6.55484e-07 4.23272e-06 0.00677669 0.0153715
500_500_500_500_1 f1 2.0 2.0 779.809 0.000393575 0.00114013 3.09969e-07 2.38633e-06 0.00372326 0.0105249
300_300_300_1 f1 -2.0 3.0 337.429 0.000796254 0.00213167 1.30848e-06 7.70773e-06 0.0222111 0.0236636
500_500_500_500_1 f1 -2.0 3.0 784.221 0.00562091 0.0139805 5.63572e-05 0.000418445 0.0547255 0.145016
300_300_300_1 f1 2.0 3.0 340.634 0.000803035 0.00322539 1.39325e-06 3.41065e-05 0.00765225 0.0687
500_500_500_500_1 f1 2.0 3.0 816.45 0.000498784 0.0017553 5.24151e-07 9.0439e-06 0.00392797 0.0360432
300_300_300_1 f1 3.0 0.4 337.337 0.00058576 0.00110483 5.71571e-07 2.08792e-06 0.00472234 0.0144319
500_500_500_500_1 f1 3.0 0.4 785.929 0.000403245 0.000945869 2.82064e-07 1.4659e-06 0.00405616 0.00666111
300_300_300_1 f1 3.0 0.8 337.288 0.000536927 0.00115288 4.96575e-07 2.3332e-06 0.00427938 0.0126507
500_500_500_500_1 f1 3.0 0.8 782.409 0.000357991 0.000827038 2.29022e-07 1.13118e-06 0.00329907 0.0065303
300_300_300_1 f1 3.0 0.0 335.712 0.000637819 0.00116472 6.62563e-07 2.32235e-06 0.00468884 0.00990328
500_500_500_500_1 f1 3.0 0.0 792.272 0.000458486 0.00105573 3.47769e-07 1.87699e-06 0.00393247 0.00636209
300_300_300_1 f1 3.0 1.2 337.374 0.000511759 0.00118503 4.68815e-07 2.52769e-06 0.00453853 0.0187374
500_500_500_500_1 f1 3.0 1.2 817.073 0.000332445 0.000841761 2.02095e-07 1.19498e-06 0.00319088 0.00769578
300_300_300_1 f1 3.0 1.6 338.026 0.000502323 0.00125862 4.83375e-07 2.74828e-06 0.00493909 0.0180752
500_500_500_500_1 f1 3.0 1.6 803.335 0.000321045 0.000841887 1.95933e-07 1.22185e-06 0.00303632 0.00661809
300_300_300_1 f1 3.0 2.4 360.74 0.000802731 0.00241572 1.46323e-06 1.13784e-05 0.00911482 0.0423125
500_500_500_500_1 f1 3.0 2.4 828.098 0.000550781 0.00176864 6.57959e-07 6.43735e-06 0.00534807 0.0139539
300_300_300_1 f1 3.0 2.8 339.602 0.000795146 0.00276217 1.39138e-06 1.3604e-05 0.00811304 0.0278079
500_500_500_500_1 f1 3.0 2.8 788.564 0.000520541 0.00169421 5.67037e-07 5.24832e-06 0.0054604 0.0111397
300_300_300_1 f1 3.0 2.0 340.572 0.000535175 0.00145809 5.94814e-07 3.77899e-06 0.00814567 0.025785
500_500_500_500_1 f1 3.0 2.0 841.444 0.000354643 0.00098292 2.50209e-07 1.70482e-06 0.00327788 0.00912166
300_300_300_1 f1 3.0 3.0 338.984 0.000712003 0.00243116 1.10871e-06 1.21564e-05 0.00788898 0.0306392
500_500_500_500_1 f1 3.0 3.0 783.626 0.000432825 0.00133449 3.83698e-07 3.92354e-06 0.00419838 0.0267431
300_300_300_1 f2 0.0 0.4 340.56 0.000963448 0.00212813 1.58013e-06 7.62884e-06 0.0127145 0.0220545
300_300_300_1 f2 0.0 0.8 334.376 0.00101918 0.00352027 1.91945e-06 3.91221e-05 0.00967148 0.136769
300_300_300_1 f2 0.0 0.0 338.767 0.000455761 0.000549648 3.43746e-07 5.11043e-07 0.00987183 0.0175529
300_300_300_1 f2 0.0 1.2 339.375 0.00101671 0.00403337 2.03252e-06 3.73454e-05 0.0101031 0.0805304
300_300_300_1 f2 0.0 1.6 337.526 0.000961164 0.00451301 1.87458e-06 8.30603e-05 0.0105689 0.195392
300_300_300_1 f2 0.0 2.4 341.773 0.000813935 0.00447698 1.41026e-06 7.17451e-05 0.0123376 0.170247
300_300_300_1 f2 0.0 2.8 338.819 0.000763 0.00403515 1.25222e-06 4.26529e-05 0.0133647 0.0984656
300_300_300_1 f2 0.0 2.0 342.497 0.000871913 0.00433172 1.57391e-06 6.62308e-05 0.00984681 0.178602
300_300_300_1 f2 0.0 3.0 342.873 0.000705286 0.00362104 1.0787e-06 3.32094e-05 0.0119067 0.0721915
300_300_300_1 f2 -1.0 0.4 347.299 0.0008103 0.00191248 1.13967e-06 6.51595e-06 0.01079 0.0336967
300_300_300_1 f2 1.0 0.4 385.911 0.000811243 0.00179851 1.13466e-06 5.50488e-06 0.0129635 0.0203386
300_300_300_1 f2 -1.0 0.8 348.392 0.000946587 0.00299939 1.69231e-06 1.75106e-05 0.0102195 0.0428105
300_300_300_1 f2 1.0 0.8 340.148 0.00090703 0.00312369 1.56702e-06 2.24503e-05 0.0126919 0.101978
300_300_300_1 f2 -1.0 0.0 370.521 0.000482551 0.000745658 3.78249e-07 9.21979e-07 0.0079829 0.0135894
300_300_300_1 f2 1.0 0.0 364.685 0.000406081 0.00062875 2.70157e-07 6.45646e-07 0.00717259 0.0129655
300_300_300_1 f2 -1.0 1.2 338.025 0.000921609 0.00382247 1.67085e-06 3.72136e-05 0.00978408 0.147843
300_300_300_1 f2 1.0 1.2 341.307 0.000958609 0.00420744 1.85983e-06 4.38717e-05 0.0145802 0.101988
300_300_300_1 f2 -1.0 1.6 340.608 0.000862619 0.00408611 1.51819e-06 5.03501e-05 0.0100212 0.151371
300_300_300_1 f2 1.0 1.6 341.204 0.0008861 0.00434771 1.6203e-06 4.77397e-05 0.0132603 0.122591
300_300_300_1 f2 -1.0 2.4 336.918 0.000739178 0.00395289 1.15931e-06 5.84921e-05 0.0105319 0.220583
300_300_300_1 f2 1.0 2.4 337.326 0.000773664 0.00437713 1.30495e-06 6.32539e-05 0.0117889 0.141234
300_300_300_1 f2 -1.0 2.8 341.901 0.000712765 0.00369979 1.0951e-06 4.04294e-05 0.0123804 0.142274
300_300_300_1 f2 1.0 2.8 343.967 0.000722996 0.00411548 1.15513e-06 5.55535e-05 0.0174817 0.152231
300_300_300_1 f2 -1.0 2.0 338.197 0.000797632 0.00422677 1.33383e-06 6.72859e-05 0.00967667 0.185257
300_300_300_1 f2 1.0 2.0 340.73 0.000829833 0.00436121 1.46523e-06 5.70287e-05 0.0112225 0.171145
300_300_300_1 f2 -1.0 3.0 342.847 0.000659911 0.00326818 9.51859e-07 2.81484e-05 0.0112528 0.0949925
300_300_300_1 f2 1.0 3.0 339.188 0.00067444 0.00370372 1.00586e-06 4.23057e-05 0.0199668 0.105982
300_300_300_1 f2 -2.0 0.4 334.787 0.000851903 0.00194795 1.27873e-06 6.79986e-06 0.0118649 0.0224485
300_300_300_1 f2 2.0 0.4 337.764 0.000817208 0.00200077 1.17797e-06 7.90161e-06 0.010133 0.047626
300_300_300_1 f2 -2.0 0.8 334.494 0.000909813 0.0032593 1.56779e-06 4.02257e-05 0.00888063 0.205304
300_300_300_1 f2 2.0 0.8 345.203 0.000886228 0.00294924 1.48439e-06 1.71442e-05 0.0116256 0.0516784
300_300_300_1 f2 -2.0 0.0 332.158 0.000614207 0.00119408 6.18135e-07 2.39359e-06 0.0043922 0.00856794
300_300_300_1 f2 2.0 0.0 340.684 0.000506812 0.000849412 4.14528e-07 1.19495e-06 0.00491382 0.00878769
300_300_300_1 f2 -2.0 1.2 331.944 0.000886147 0.00393259 1.54349e-06 3.75703e-05 0.0101122 0.111476
300_300_300_1 f2 2.0 1.2 333.288 0.000924022 0.00390389 1.69076e-06 3.08866e-05 0.0137865 0.0674908
300_300_300_1 f2 -2.0 1.6 335.535 0.000807674 0.00384675 1.32445e-06 3.75311e-05 0.0101212 0.0857599
300_300_300_1 f2 2.0 1.6 339.844 0.000922133 0.00453804 1.72038e-06 5.21708e-05 0.00990272 0.105533
300_300_300_1 f2 -2.0 2.4 336.645 0.000722723 0.00369033 1.12243e-06 3.81875e-05 0.010657 0.146439
300_300_300_1 f2 2.0 2.4 342.291 0.000763169 0.00424333 1.27875e-06 4.6334e-05 0.00959757 0.0754997
300_300_300_1 f2 -2.0 2.8 337.37 0.000663377 0.00353322 9.64487e-07 3.32522e-05 0.00981215 0.0995119
300_300_300_1 f2 2.0 2.8 341.427 0.0007197 0.00426714 1.15136e-06 6.27593e-05 0.0117496 0.143193
300_300_300_1 f2 -2.0 2.0 336.626 0.000784895 0.00384245 1.30733e-06 4.38968e-05 0.0116399 0.122799
300_300_300_1 f2 2.0 2.0 334.285 0.000833445 0.00440448 1.48094e-06 5.16624e-05 0.00872787 0.135386
300_300_300_1 f2 -2.0 3.0 338.49 0.000615887 0.00319546 8.45545e-07 2.58482e-05 0.00900494 0.0783538
300_300_300_1 f2 2.0 3.0 340.88 0.000656979 0.00399113 9.74085e-07 7.07008e-05 0.0111412 0.16278
300_300_300_1 f2 3.0 0.4 344.516 0.000802722 0.00225313 1.13751e-06 9.13178e-06 0.00945916 0.0239193
300_300_300_1 f2 3.0 0.8 337.555 0.000874428 0.00318087 1.45313e-06 2.20486e-05 0.00925567 0.0670791
300_300_300_1 f2 3.0 0.0 344.104 0.000660672 0.00114528 7.01624e-07 2.24594e-06 0.00484331 0.0107444
300_300_300_1 f2 3.0 1.2 346.393 0.000964301 0.00384629 1.82417e-06 3.00991e-05 0.010507 0.0909993
300_300_300_1 f2 3.0 1.6 342.914 0.000856743 0.00417388 1.5574e-06 3.62902e-05 0.0104534 0.0611031
300_300_300_1 f2 3.0 2.4 339.671 0.00077317 0.0043389 1.3162e-06 5.55245e-05 0.00954655 0.133619
300_300_300_1 f2 3.0 2.8 345.204 0.000729618 0.0045778 1.18269e-06 0.000108044 0.0124869 0.189461
300_300_300_1 f2 3.0 2.0 338.513 0.000835479 0.00445816 1.49194e-06 5.07788e-05 0.0103113 0.111869
300_300_300_1 f2 3.0 3.0 344.164 0.000645711 0.00413068 9.4019e-07 9.16661e-05 0.0113118 0.163267
