50_100_100 1234 0.5 100000 588.808733 0.009828 0.009880 0.000012 0.000012 
50_100_100 1235 0.5 100000 1402.059072 0.008938 0.008960 0.000012 0.000012 
50_100_100 2345 0.5 100000 576.964713 0.009210 0.009226 0.000012 0.000012 
50_100_500 1234 0.5 100000 1173.619580 0.009189 0.009217 0.000012 0.000012 
50_100_500 1235 0.5 100000 589.760806 0.009604 0.009632 0.000012 0.000012 
50_100_500 2345 0.5 100000 594.952479 0.009412 0.009412 0.000012 0.000012 
50_500_500 1234 0.5 100000 1283.763185 0.008278 0.008338 0.000010 0.000010 
50_500_500 1235 0.5 100000 991.159088 0.009504 0.009546 0.000012 0.000012 
50_500_500 2345 0.5 100000 1927.978786 0.009148 0.009162 0.000012 0.000012 
100_500_500 1234 0.5 100000 2271.965921 0.004352 0.004406 0.000005 0.000005 
100_500_500 1235 0.5 100000 3899.498896 0.002880 0.002908 0.000003 0.000003 
100_500_500 2345 0.5 100000 3404.048051 0.002750 0.002771 0.000003 0.000003 
200_500_500 1234 0.5 100000 2049.501866 0.003277 0.003291 0.000003 0.000003 
200_500_500 1235 0.5 100000 2216.033856 0.003312 0.003331 0.000004 0.000004 
200_500_500 2345 0.5 100000 1411.229349 0.003842 0.003874 0.000004 0.000004 
500_500_500 1234 0.5 100000 2325.508116 0.002998 0.003019 0.000003 0.000003 
500_500_500 1235 0.5 100000 1562.753894 0.003926 0.003934 0.000004 0.000004 
500_500_500 2345 0.5 100000 2306.290962 0.003365 0.003385 0.000004 0.000004 
500_500_1000 1234 0.5 100000 3106.856151 0.002777 0.002801 0.000003 0.000003 
500_500_1000 1235 0.5 100000 2789.144691 0.002845 0.002856 0.000003 0.000003 
500_500_1000 2345 0.5 100000 3116.676247 0.003088 0.003109 0.000003 0.000003 
100_100_100 1234 0.5 100000 891.920542 0.009283 0.009331 0.000012 0.000012 
100_100_100 1235 0.5 100000 1730.677214 0.008974 0.009008 0.000012 0.000012 
100_100_100 2345 0.5 100000 612.138243 0.009742 0.009763 0.000012 0.000012 
100_100_500 1234 0.5 100000 1470.119470 0.009053 0.009115 0.000012 0.000012 
100_100_500 1235 0.5 100000 1482.283710 0.009161 0.009178 0.000012 0.000012 
100_100_500 2345 0.5 100000 1478.787194 0.008533 0.008571 0.000011 0.000011 
100_200_500 1234 0.5 100000 674.138441 0.009745 0.009808 0.000012 0.000012 
100_200_500 1235 0.5 100000 962.492274 0.009663 0.009696 0.000012 0.000012 
100_200_500 2345 0.5 100000 1317.181843 0.009010 0.009033 0.000012 0.000012 
100_500_1000 1234 0.5 100000 4265.442375 0.002946 0.002961 0.000003 0.000003 
100_500_1000 1235 0.5 100000 4442.537217 0.002759 0.002777 0.000003 0.000003 
100_500_100 1234 0.5 100000 1860.188983 0.003204 0.003220 0.000004 0.000004 
100_500_100 1235 0.5 100000 2448.352986 0.002849 0.002866 0.000003 0.000003 
100_500_100 2345 0.5 100000 1486.920922 0.006096 0.006145 0.000007 0.000007 
1234 0.5 100000 944.889117 0.003960 0.003972 0.000004 0.000004 
1235 0.5 100000 1258.277211 0.004001 0.004014 0.000004 0.000004 
2345 0.5 100000 1496.660994 0.003452 0.003472 0.000004 0.000004 
