layers seed psi n_pairs train_time train_loss test_loss delta_sigma_train delta_sigma_test
100_500_100 1234 0 100000 1226.244678 0.004593 0.004600 0.000005 0.000005 
100_500_100 320 0 100000 912.905959 0.004019 0.004035 0.000004 0.000004 
100_500_100_1_seed472 weighted_MAPE 0.0 100000 12084.28492 0.002848612843 0.00285761198 1.287247778e-05 1.296168102e-05 0.002260323148 0.002432736335
100_500_100 1234 0.01 100000 886.131876 0.004104 0.004115 0.000004 0.000004 
100_500_100 235 0.01 100000 1420.986962 0.004927 0.004914 0.000005 0.000005 
100_500_100 320 0.01 100000 1004.877667 0.005094 0.005109 0.000005 0.000005 
100_500_100_1_seed472 weighted_MAPE 0.01 100000 1218.306776 0.003337841248 0.003357012291 1.723606874e-05 1.74196648e-05 0.002689867048 0.002774344292
100_500_100 1234 -0.01 100000 886.614949 0.005735 0.005770 0.000006 0.000006 
100_500_100 235 -0.01 100000 1446.405023 0.003193 0.003204 0.000003 0.000003 
100_500_100 320 -0.01 100000 940.250673 0.004284 0.004291 0.000005 0.000005 
100_500_100_1_seed472 weighted_MAPE -0.01 100000 11017.65949 0.003049051622 0.003060881747 1.574663474e-05 1.590473767e-05 0.001899014344 0.001866709208
100_500_100 1234 -10 100000 1991.769879 0.008012 0.008300 0.000009 0.000009 
100_500_100 235 -10 100000 2235.322990 0.007800 0.008077 0.000009 0.000009 
100_500_100_1_seed320 weighted_MAPE -10.0 100000 375.3426991 2.075990438 2.028668404 8385.46875 7338.861816 734.9594727 817.4778442
100_500_100_1_seed472 weighted_MAPE -10.0 100000 668.0153275 0.5434375405 0.543720901 0.9128274322 0.726636529 27.98096466 23.3153038
100_500_100 1234 -1 100000 2261.986642 0.004658 0.004772 0.000005 0.000005 
100_500_100 235 -1 100000 1434.118697 0.006029 0.006133 0.000007 0.000007 
100_500_100 320 -1 100000 1209.242157 0.006382 0.006490 0.000007 0.000007 
100_500_100_1_seed472 weighted_MAPE -1.0 100000 9888.998164 0.003580686403 0.003621864133 2.061427767e-05 2.114286872e-05 0.030795509 0.03004924953
100_500_100 1234 -15 100000 2598.419355 0.006079 0.006261 0.000007 0.000007 
100_500_100 235 -15 100000 1961.453131 0.006731 0.006925 0.000007 0.000007 
100_500_100_1_seed320 weighted_MAPE -15.0 100000 11904.83694 0.006202929188 0.006319892127 6.231555017e-05 6.465162005e-05 0.00658591697 0.006822366733
100_500_100_1_seed472 weighted_MAPE -15.0 100000 919.2257764 0.4788775742 0.4795701802 0.4194860458 0.4227589965 6.902824402 8.408877373
100_500_100 1234 -2 100000 2509.795887 0.006313 0.006553 0.000007 0.000008 
100_500_100 235 -2 100000 1984.721870 0.007407 0.007637 0.000008 0.000009 
100_500_100_1_seed320 weighted_MSE -2.0 100000 48.30000281 1.997457027 1.997692347 8556.022461 7898.092773 570.3866577 565.3659058
100_500_100_1_seed472 weighted_MAPE -2.0 100000 11833.44579 0.006319441367 0.006389244925 7.207607268e-05 7.386114157e-05 0.05076763034 0.05313992128
100_500_100 1234 -3 100000 2255.691365 0.009282 0.009631 0.000012 0.000012 
100_500_100 235 -3 100000 2781.058927 0.007936 0.008308 0.000010 0.000011 
100_500_100_1_seed320 weighted_MSE -3.0 100000 684.9212179 0.51256603 0.5120087862 0.5242716074 0.5187271833 0.7946164608 0.7959527969
100_500_100_1_seed472 weighted_MAPE -3.0 100000 49.40275264 1.982244253 1.431252599 3441598.75 46930.72266 47774.26562 18260.80469
100_500_100 1234 -4 100000 2247.651959 0.011608 0.012207 0.000021 0.000023 
100_500_100 235 -4 100000 3930.077851 0.009874 0.010370 0.000021 0.000022 
100_500_100_1_seed320 weighted_MSE -4.0 100000 1263.479854 0.5791630149 0.577844739 0.6860717535 0.6766477823 1.174495101 1.154099941
100_500_100_1_seed472 weighted_MAPE -4.0 100000 13315.95324 0.01470133197 0.01538386568 0.0005276573356 0.0005908635212 0.2421634346 0.2678623497
100_500_100 1234 -4.5 100000 5286.515817 0.010849 0.011616 0.000028 0.000032 
100_500_100 235 -4.5 100000 3346.355722 0.011797 0.012589 0.000031 0.000034 
100_500_100_1_seed320 weighted_MSE -4.5 100000 916.4017587 0.52360183 0.5231514573 0.5296304822 0.5265116096 0.9462579489 0.9394272566
100_500_100_1_seed472 weighted_MAPE -4.5 100000 16031.61873 0.01665878296 0.01723230816 0.0008807397098 0.0009685487021 0.3527429104 0.3786276281
100_500_100 1234 -5 100000 1699.839210 0.016423 0.017385 0.000045 0.000047 
100_500_100 235 -5 100000 4001.253486 0.013188 0.014390 0.000040 0.000049 
100_500_100_1_seed472 weighted_MAPE -5.0 100000 15282.18319 0.01667960547 0.01739828661 0.001508991816 0.001544454717 0.5204239488 0.5061717629
100_500_100 1234 -5.5 100000 3103.644498 0.012114 0.013065 0.000032 0.000036 
100_500_100 235 -5.5 100000 2517.482232 0.013169 0.013959 0.000033 0.000036 
100_500_100_1_seed320 weighted_MAPE -5.5 100000 1465.880528 0.5654841661 0.5659043789 0.5605995059 0.5610033274 0.8251614571 0.8131654263
100_500_100_1_seed472 weighted_MAPE -5.5 100000 14115.02306 0.02299042791 0.02343536355 0.001713949256 0.001808994566 0.4640865922 0.4767763317
100_500_100 1234 -6 100000 3629.002311 0.010404 0.011154 0.000021 0.000024 
100_500_100 235 -6 100000 3865.569784 0.010607 0.011050 0.000023 0.000024 
100_500_100_1_seed320 weighted_MAPE -6.0 100000 15963.42332 0.01632695645 0.01713735983 0.0008346791728 0.000951660797 0.08806531876 0.08943904191
100_500_100_1_seed472 weighted_MAPE -6.0 100000 6836.655757 0.01928169653 0.01993590966 0.001172146876 0.001293524751 0.3692023456 0.3841148317
100_500_100 1234 -8 100000 1987.181716 0.009505 0.009862 0.000011 0.000012 
100_500_100 235 -8 100000 3380.305484 0.007487 0.007776 0.000009 0.000009 
100_500_100_1_seed320 weighted_MAPE -8.0 100000 12691.01739 0.006785587873 0.007066604681 8.378290659e-05 9.271235467e-05 0.009729214013 0.01075308677
100_500_100_1_seed472 weighted_MAPE -8.0 100000 23454.74814 0.004610226955 0.004849321675 3.592042049e-05 4.016606181e-05 0.03386408836 0.03763237223
