25_25_1_seed1235 weighted_MAPE 0.5 100000 11100.8 0.0102504 0.0102767 0.000201272 0.000202421 0.2377 0.232601
50_50_1_seed1235 weighted_MAPE 0.5 100000 10613.1 0.00868832 0.00877237 0.000143332 0.000145832 0.262627 0.23841
100_100_1_seed1235 weighted_MAPE 0.5 100000 10767.5 0.00635919 0.00641861 9.5349e-05 9.68883e-05 0.254047 0.255133
300_300_1_seed1235 weighted_MAPE 0.5 100000 14111.7 0.00625265 0.0063167 9.54336e-05 9.69335e-05 0.264596 0.258244
500_500_1_seed1235 weighted_MAPE 0.5 100000 18893.1 0.00623791 0.00630244 9.1633e-05 9.31213e-05 0.255725 0.249912
70_70_1_seed1235 weighted_MAPE 0.5 100000 17942.8 0.00749314 0.00755656 0.000117388 0.000118968 0.256282 0.250392
50_100_1_seed1235 weighted_MAPE 0.5 100000 18165.2 0.00941899 0.00950981 0.000164601 0.000167485 0.234195 0.231315
100_50_1_seed1234 weighted_MAPE 0.5 100000 18869.8 0.00676402 0.00684481 0.000104951 0.000107451 0.269958 0.255489
100_50_1_seed1234_400plus weighted_MAPE 0.5 100000 18805.6 0.00646 0.00654461 0.000101006 0.000103514 0.27019 0.258971
70_70_1_seed1235 weighted_MAPE 0.5 100000 18310.4 0.00694523 0.0070048 0.000103157 0.000104692 0.255517 0.245211
50_100_1_seed1235 weighted_MAPE 0.5 100000 18225.4 0.0091062 0.0091894 0.000156538 0.000159107 0.237438 0.238378
50_50_1_seed1235 weighted_MAPE 0.5 100000 17787.4 0.00861146 0.00871024 0.000142357 0.000145017 0.259583 0.250487
25_25_1_seed1235 weighted_MAPE 0.5 100000 17962.6 0.00997793 0.00999897 0.000191773 0.000192587 0.232593 0.230815
