25_25_1_seed1234 MAPE_plus_max_error 0.5 100000 6190.19 0.827471 0.829898 2.26365 2.32289 56.5975 110.477
25_25_1_seed1234 MAPE_plus_max_error 0.5 100000 13529.2 0.0149105 0.0149965 0.000366275 0.000370952 0.0950338 0.0958888
25_25_1_seed1235 MAPE_plus_max_error 0.5 100000 10894.8 0.0247108 0.0246642 0.000980192 0.00097517 0.140265 0.139709
50_50_1_seed1234 MAPE_plus_max_error 0.5 100000 10621.6 0.063627 0.0638022 0.00623176 0.0062602 0.325249 0.324106
50_50_1_seed1235 MAPE_plus_max_error 0.5 100000 12653.8 0.0159641 0.0159736 0.000421602 0.000422085 0.0954884 0.109718
50_100_1_seed1234 MAPE_plus_max_error 0.5 100000 10714.8 0.0616895 0.0618048 0.00586576 0.00588055 0.362024 0.393698
50_100_1_seed1235 MAPE_plus_max_error 0.5 100000 15079.7 0.0168043 0.0168156 0.000457177 0.000458279 0.105645 0.115807
100_50_1_seed1234 MAPE_plus_max_error 0.5 100000 6823.92 0.770566 0.769612 1.40695 1.4104 30.3533 34.0112
100_100_1_seed1234 MAPE_plus_max_error 0.5 100000 14560.9 0.0615768 0.0617466 0.00585611 0.00588178 0.351705 0.36051
100_100_1_seed1235 MAPE_plus_max_error 0.5 100000 11809.2 0.0164843 0.0165159 0.000438601 0.000440009 0.101585 0.124099
300_300_1_seed1234 MAPE_plus_max_error 0.5 100000 13368.8 0.0172529 0.0173017 0.000490374 0.000493459 0.161238 0.140492
300_300_1_seed1235 MAPE_plus_max_error 0.5 100000 8060.28 0.0636299 0.0636478 0.00623381 0.00623172 0.367679 0.353803
500_500_1_seed1234 MAPE_plus_max_error 0.5 100000 18186.6 0.0155459 0.0156175 0.000394999 0.000398305 0.128716 0.139444
500_500_1_seed1235 MAPE_plus_max_error 0.5 100000 14796.6 0.017279 0.0173182 0.000488931 0.000490562 0.122094 0.121823
70_70_1_seed1235 MAPE_plus_max_error 0.5 100000 8551.08 0.0684355 0.0683355 0.00722273 0.0072123 0.32809 0.326328
